0.13932  	0.09724  	0.17709  	0.56552  	-0.0303  	0.49116  	0.11117  	-0.4824  	0.25303  	-0.0565  	0.29278  	0.36116  	0.00425  	-0.3990  	-0.7991  	0.91521  	-0.0657  	0.19290  	-0.2722  	0.33400  	0.19078  	-0.2090  	-0.4516  	0.35313  	-0.2618  	-0.1502  	-0.2931  	-0.3452  	-0.3278  	-0.1541  	-0.1994  	0.27423  	0.28261  	-0.0645  	0.29929  	0.12135  	0.30283  	0.06377  	-0.2490  	0.16484  	-0.0345  	0.03053  	0.01804  	-0.0294  	-0.0833  	-0.0424  	0.03456  	0.00585  	0.04840  	-0.0091  	0.00028  	0.01875  	0.00170  	0.03200  	0.00279  	-0.0219  	0.01912  	0.00490  	-0.0349  	0.03383  	0.00814  	0.00330  	0.03167  	-0.0051  	-0.0069  	-0.0242  	0.03589  	-0.0073  	0.02253  	-0.2797  	
0.14131  	0.09736  	0.18039  	0.57424  	-0.0217  	0.49301  	0.11428  	-0.4831  	0.25263  	-0.0502  	0.29327  	0.36266  	0.00318  	-0.4024  	-0.8061  	0.91501  	-0.0671  	0.19279  	-0.2736  	0.34205  	0.18366  	-0.2106  	-0.4552  	0.34738  	-0.2626  	-0.1485  	-0.3012  	-0.3331  	-0.3179  	-0.1547  	-0.2018  	0.27320  	0.28679  	-0.0639  	0.29120  	0.12554  	0.29806  	0.06319  	-0.2445  	0.16486  	-0.0341  	0.03073  	0.02071  	-0.0283  	-0.0829  	-0.0419  	0.03530  	0.00657  	0.04814  	-0.0098  	0.00018  	0.01868  	0.00132  	0.03136  	0.00348  	-0.0225  	0.02025  	0.00433  	-0.0353  	0.03343  	0.00800  	0.00266  	0.03123  	-0.0049  	-0.0069  	-0.0242  	0.03589  	-0.0073  	0.02253  	-0.2797  	
0.13228  	0.09721  	0.17101  	0.56136  	-0.0291  	0.47562  	0.11027  	-0.4881  	0.25019  	-0.0440  	0.30175  	0.36461  	-0.0036  	-0.4111  	-0.8061  	0.90848  	-0.0646  	0.19299  	-0.2785  	0.33970  	0.18411  	-0.2156  	-0.4498  	0.35059  	-0.2648  	-0.1469  	-0.3037  	-0.3336  	-0.3218  	-0.1613  	-0.1973  	0.27298  	0.28572  	-0.0657  	0.29102  	0.12138  	0.29881  	0.06373  	-0.2497  	0.16015  	-0.0304  	0.02908  	0.02186  	-0.0281  	-0.0825  	-0.0421  	0.03525  	0.00476  	0.04654  	-0.0075  	-0.0002  	0.01912  	0.00106  	0.03107  	0.00290  	-0.0234  	0.02066  	0.00404  	-0.0335  	0.03222  	0.00857  	0.00415  	0.03009  	-0.0054  	-0.0069  	-0.0242  	0.03589  	-0.0073  	0.02253  	-0.2797  	
0.13331  	0.08451  	0.17173  	0.58248  	0.02439  	0.47873  	0.11612  	-0.5216  	0.24943  	0.00112  	0.23020  	0.37433  	0.02492  	-0.4020  	-0.8412  	0.90774  	-0.0627  	0.23651  	-0.2788  	0.38972  	0.08956  	-0.2203  	-0.5010  	0.30428  	-0.2290  	-0.1336  	-0.3595  	-0.2232  	-0.2380  	-0.1442  	-0.1929  	0.25820  	0.29830  	-0.0633  	0.22831  	0.15182  	0.21571  	0.02982  	-0.2082  	0.18469  	-0.0162  	0.02312  	0.03358  	-0.0213  	-0.0850  	-0.0424  	0.03602  	0.01266  	0.05430  	-0.0112  	0.00342  	0.01754  	-0.0003  	0.03016  	0.00262  	-0.0246  	0.02056  	0.00058  	-0.0335  	0.03368  	0.01070  	0.00466  	0.03358  	-0.0068  	-0.0069  	-0.0242  	0.03589  	-0.0073  	0.02253  	-0.2797  	
-0.1302  	0.00977  	-0.0369  	0.49175  	0.03290  	0.26989  	0.13065  	-0.6358  	0.19068  	0.05674  	0.24744  	0.37344  	0.03565  	-0.4332  	-0.9755  	0.80069  	-0.0992  	0.31505  	-0.3028  	0.49533  	-0.0611  	-0.2180  	-0.5984  	0.25723  	-0.2118  	-0.1236  	-0.4506  	-0.0592  	-0.1081  	-0.1548  	-0.1774  	0.20114  	0.29848  	-0.0609  	0.18475  	0.21785  	0.12739  	-0.0153  	-0.1766  	0.25034  	0.01172  	0.03680  	0.01693  	-0.0421  	-0.0753  	-0.0444  	0.04822  	0.02015  	0.04157  	-0.0059  	0.01177  	0.01792  	-0.0064  	0.02244  	2.15545  	-0.0290  	0.02951  	0.00229  	-0.0337  	0.03160  	0.00817  	-0.0025  	0.03126  	-0.0011  	-0.0069  	-0.0242  	0.03589  	-0.0073  	0.02253  	-0.2797  	
-0.2629  	-0.0677  	-0.1392  	0.56410  	0.13793  	0.24507  	0.12226  	-0.6378  	0.16976  	-0.0049  	0.22560  	0.41417  	-0.0078  	-0.5190  	-0.9213  	0.78279  	-0.1074  	0.32577  	-0.2994  	0.51928  	-0.0642  	-0.2708  	-0.6087  	0.25045  	-0.2473  	-0.1292  	-0.4750  	0.00161  	-0.0377  	-0.1393  	-0.1996  	0.20479  	0.27071  	-0.0525  	0.18734  	0.22454  	0.07166  	-0.0322  	-0.1666  	0.22113  	-0.0148  	0.04094  	0.00263  	-0.0448  	-0.0612  	-0.0418  	0.04274  	-0.0023  	0.04188  	-0.0178  	0.00849  	0.01529  	-0.0055  	0.01889  	0.00662  	-0.0336  	0.03335  	0.00120  	-0.0293  	0.02731  	-0.0005  	0.00359  	0.03297  	-0.0038  	-0.0069  	-0.0242  	0.03589  	-0.0073  	0.02253  	-0.2797  	
-0.1515  	-0.0375  	-0.0192  	0.50477  	0.06502  	0.38807  	0.09753  	-0.6533  	0.17305  	-0.0161  	0.18415  	0.34454  	-0.0227  	-0.5614  	-0.8604  	0.79959  	-0.0693  	0.28522  	-0.3039  	0.46132  	-0.0364  	-0.2324  	-0.5348  	0.29195  	-0.2181  	-0.1252  	-0.4376  	-0.1024  	-0.1090  	-0.1363  	-0.1955  	0.22386  	0.27246  	-0.0579  	0.16503  	0.19643  	0.11599  	-0.0197  	-0.1799  	0.23671  	0.00586  	0.03568  	0.00852  	-0.0310  	-0.0740  	-0.0413  	0.04608  	-0.0087  	0.04220  	-0.0165  	0.01149  	0.01532  	-0.0051  	0.02124  	-0.0001  	-0.0332  	0.03555  	0.00255  	-0.0327  	0.02500  	0.00329  	-0.0095  	0.03133  	-0.0036  	-0.0069  	-0.0242  	0.03589  	-0.0073  	0.02253  	-0.2797  	
-0.0350  	0.01419  	0.05756  	0.46080  	0.03136  	0.37595  	0.10327  	-0.6617  	0.17048  	0.05904  	0.19484  	0.34222  	-0.0126  	-0.6256  	-1.0530  	0.92407  	-0.1007  	0.31876  	-0.2645  	0.49150  	-0.0871  	-0.2363  	-0.6063  	0.24621  	-0.2227  	-0.1331  	-0.4909  	-0.0647  	-0.0732  	-0.1436  	-0.2054  	0.22815  	0.27652  	-0.0464  	0.15642  	0.25452  	0.09629  	-0.0098  	-0.1589  	0.25005  	0.05045  	0.02965  	0.03058  	-0.0232  	-0.0767  	-0.0387  	0.03695  	0.00922  	0.04910  	-0.0180  	0.01461  	0.01751  	-0.0009  	0.01959  	0.00474  	-0.0362  	0.03083  	0.00113  	-0.0330  	0.03147  	-0.0004  	-0.0088  	0.03215  	-0.0022  	-0.0069  	-0.0242  	0.03589  	-0.0073  	0.02253  	-0.2797  	
-0.1577  	-0.0015  	0.01828  	0.31300  	-0.0946  	0.28758  	0.13954  	-0.6934  	0.13933  	0.12002  	0.22234  	0.22560  	-0.0335  	-0.6206  	-1.1775  	0.85174  	-0.1135  	0.34750  	-0.2817  	0.51828  	-0.1269  	-0.2510  	-0.6381  	0.28638  	-0.1151  	-0.1579  	-0.4336  	-0.0929  	-0.0559  	-0.1464  	-0.1850  	0.21295  	0.24433  	-0.0518  	0.14717  	0.31966  	0.08246  	-0.0077  	-0.1649  	0.26824  	0.03033  	0.01950  	0.02172  	-0.0198  	-0.0759  	-0.0463  	0.03472  	0.00062  	0.04296  	-0.0308  	0.02707  	0.01628  	-0.0009  	0.02334  	0.00229  	-0.0350  	0.02900  	0.00403  	-0.0375  	0.02728  	1.10290  	-0.0093  	0.03948  	-0.0060  	-0.0069  	-0.0242  	0.03589  	-0.0073  	0.02253  	-0.2797  	
-0.4080  	-0.1239  	-0.1522  	0.30685  	-0.0269  	0.15327  	0.13809  	-0.7257  	0.11952  	0.10904  	0.39655  	0.26736  	-0.0696  	-0.6747  	-1.1739  	0.76006  	-0.1019  	0.32237  	-0.2796  	0.47732  	-0.0856  	-0.2504  	-0.6219  	0.28966  	-0.1115  	-0.1499  	-0.4009  	-0.0886  	-0.0615  	-0.1251  	-0.1969  	0.21530  	0.26413  	-0.0602  	0.16909  	0.29629  	0.12123  	-0.0232  	-0.1840  	0.23984  	0.00670  	0.04827  	-0.0040  	-0.0442  	-0.0503  	-0.0397  	0.03434  	-0.0161  	0.03040  	-0.0109  	0.01068  	0.01417  	0.00188  	0.02337  	0.00403  	-0.0351  	0.03125  	0.00296  	-0.0275  	0.04006  	0.00098  	-0.0049  	0.03069  	-0.0015  	-0.0069  	-0.0242  	0.03589  	-0.0073  	0.02253  	-0.2797  	
-0.5285  	-0.1739  	-0.2236  	0.20227  	-0.1018  	0.02270  	0.05352  	-0.7031  	0.13972  	0.13146  	0.42014  	0.30158  	-0.0786  	-0.6941  	-1.0856  	0.68394  	-0.0889  	0.28069  	-0.2573  	0.49013  	-0.0358  	-0.2623  	-0.5178  	0.26216  	-0.2165  	-0.1108  	-0.4392  	-0.1000  	-0.1108  	-0.1635  	-0.1767  	0.21930  	0.25417  	-0.0581  	0.16098  	0.24014  	0.12084  	-0.0010  	-0.1949  	0.21667  	0.00974  	0.02712  	-0.0189  	-0.0354  	-0.0666  	-0.0399  	0.04818  	-0.0221  	0.03305  	-0.0151  	0.00437  	0.01271  	0.00030  	0.02317  	0.00125  	-0.0402  	0.02580  	0.00360  	-0.0322  	0.03685  	0.00551  	-0.0089  	0.03356  	-0.0027  	-0.0069  	-0.0242  	0.03589  	-0.0073  	0.02253  	-0.2797  	
-0.4967  	-0.1184  	-0.1634  	0.13056  	-0.1225  	0.09380  	0.10150  	-0.7401  	0.12398  	0.14298  	0.37624  	0.26838  	-0.0656  	-0.7029  	-1.1603  	0.70200  	-0.0657  	0.33938  	-0.2855  	0.47611  	-0.1313  	-0.2592  	-0.5276  	0.24739  	-0.2103  	-0.1026  	-0.4957  	-0.0582  	-0.0559  	-0.1743  	-0.1628  	0.20084  	0.26000  	-0.0534  	0.10583  	0.28638  	0.06645  	-0.0241  	-0.1489  	0.22413  	0.04416  	0.04201  	0.00942  	-0.0375  	-0.0750  	-0.0445  	0.04018  	-0.0067  	0.03833  	-0.0156  	0.00580  	0.01685  	-0.0038  	0.02368  	0.00624  	-0.0370  	0.02972  	0.00630  	-0.0280  	0.03144  	0.00702  	-0.0015  	0.03461  	-0.0047  	-0.0069  	-0.0242  	0.03589  	-0.0073  	0.02253  	-0.2797  	
-0.4464  	-0.0735  	-0.1151  	0.14441  	-0.1010  	0.23455  	0.11616  	-0.7320  	0.13875  	0.09987  	0.22456  	0.26264  	-0.0563  	-0.7655  	-1.1745  	0.75670  	-0.0697  	0.35227  	-0.2780  	0.46998  	-0.2166  	-0.2248  	-0.4965  	0.19871  	-0.1848  	-0.0970  	-0.5056  	0.02224  	0.03533  	-0.1585  	-0.1428  	0.19729  	0.24372  	-0.0509  	0.00440  	0.28626  	0.00802  	-0.0374  	-0.1067  	0.24812  	0.07303  	0.01168  	0.04973  	-0.0095  	-0.0718  	-0.0494  	0.03550  	0.01166  	0.03983  	-0.0088  	0.00628  	0.01768  	-0.0027  	0.02234  	0.00503  	-0.0382  	0.02898  	0.00403  	-0.0284  	0.02634  	0.00688  	-0.0005  	0.03953  	-0.0048  	-0.0069  	-0.0242  	0.03589  	-0.0073  	0.02253  	-0.2797  	
-0.3650  	-0.0747  	-0.1462  	0.2562  	-0.0648  	0.24559  	0.08489  	-0.7378  	0.14410  	0.05969  	0.18324  	0.30406  	-0.0467  	-0.7939  	-1.0715  	0.77048  	-0.0547  	0.33590  	-0.2575  	0.46188  	-0.1747  	-0.2214  	-0.5063  	0.18819  	-0.1901  	-0.1009  	-0.4882  	0.01418  	0.01696  	-0.1467  	-0.1583  	0.19615  	0.24683  	-0.0417  	0.01710  	0.26903  	0.03013  	-0.0287  	-0.1241  	0.23846  	0.07571  	0.01771  	0.03847  	-0.0195  	-0.0801  	-0.0423  	0.03968  	0.00743  	0.03236  	-0.0112  	0.00083  	0.01684  	-0.0011  	0.02410  	0.00353  	-0.0397  	0.03145  	0.00325  	-0.0270  	0.02782  	0.00767  	-0.0044  	0.03519  	0.00038  	-0.0069  	-0.0242  	0.03589  	-0.0073  	0.02253  	-0.2797  	
-0.2683  	-0.0477  	-0.1017  	0.36134  	-0.0425  	0.29050  	0.07411  	-0.6875  	0.15212  	0.02631  	0.13369  	0.31241  	-0.0057  	-0.7085  	-0.9920  	0.77211  	-0.0348  	0.30258  	-0.2679  	0.44816  	-0.1434  	-0.2108  	-0.4970  	0.20377  	-0.2059  	-0.0984  	-0.4646  	-0.0279  	-0.0477  	-0.1499  	-0.1754  	0.21472  	0.25606  	-0.0509  	0.08075  	0.24306  	0.06507  	-0.0082  	-0.1445  	0.24675  	0.05533  	0.01453  	0.03909  	-0.0157  	-0.0852  	-0.0441  	0.04270  	0.00087  	0.03602  	-0.0124  	0.01144  	0.01591  	-0.0051  	0.02394  	0.00136  	-0.0353  	0.02883  	0.00359  	-0.0286  	0.03054  	0.00511  	-0.0027  	0.03417  	-0.0055  	-0.0069  	-0.0242  	0.03589  	-0.0073  	0.02253  	-0.2797  	
-0.0688  	-0.0193  	0.00802  	0.53364  	0.02294  	0.36713  	0.13574  	-0.6553  	0.16916  	0.00283  	0.15133  	0.34212  	-0.0055  	-0.5314  	-0.8612  	0.78687  	-0.0879  	0.30774  	-0.2909  	0.42744  	-0.0563  	-0.2137  	-0.5676  	0.26026  	-0.2228  	-0.1226  	-0.4400  	-0.0745  	-0.0850  	-0.1403  	-0.1871  	0.23745  	0.26562  	-0.0467  	0.18576  	0.23634  	0.11594  	-0.0146  	-0.1725  	0.24150  	0.02383  	0.03494  	0.01864  	-0.0288  	-0.0811  	-0.0406  	0.04108  	0.00459  	0.03875  	-0.0097  	0.01083  	0.01120  	-0.0037  	0.02001  	0.00523  	-0.0336  	0.02899  	0.00475  	-0.0275  	0.02636  	-0.0025  	0.00305  	0.03753  	-0.0028  	-0.0069  	-0.0242  	0.03589  	-0.0073  	0.02253  	-0.2797  	
0.12917  	0.05677  	0.14834  	0.69129  	0.11502  	0.47472  	0.12583  	-0.5480  	0.22291  	-0.0150  	0.11822  	0.35238  	0.06243  	-0.3458  	-0.7317  	0.87948  	-0.1047  	0.25313  	-0.2893  	0.43090  	0.06543  	-0.1874  	-0.5740  	0.32251  	-0.1812  	-0.1517  	-0.3590  	-0.2178  	-0.1734  	-0.1209  	-0.1829  	0.25786  	0.28308  	-0.0647  	0.25247  	0.18295  	0.16709  	-0.0075  	-0.1843  	0.24314  	-0.0308  	0.04729  	-0.0009  	-0.0364  	-0.0753  	-0.0446  	0.03276  	0.01703  	0.05539  	-0.0073  	0.01588  	0.01511  	-0.0031  	0.02370  	0.00289  	-0.0223  	0.02889  	0.00120  	-0.0329  	0.03245  	0.00328  	0.00348  	0.02793  	-0.0101  	-0.0069  	-0.0242  	0.03589  	-0.0073  	0.02253  	-0.2797  	
0.25914  	0.07279  	0.23471  	0.69177  	0.07146  	0.55323  	0.17165  	-0.5413  	0.21647  	0.04216  	-0.0312  	0.20786  	0.12679  	-0.2874  	-0.6827  	0.77364  	-0.0888  	0.23346  	-0.2838  	0.36993  	-0.0078  	-0.1317  	-0.5287  	0.27069  	-0.0701  	-0.1745  	-0.3404  	-0.2343  	-0.0867  	-0.0883  	-0.2043  	0.22631  	0.23764  	-0.0538  	0.18495  	0.20066  	0.14004  	-0.0096  	-0.1372  	0.24562  	-0.0045  	0.03890  	0.04211  	-0.0053  	-0.0815  	-0.0412  	0.01954  	0.04069  	0.07657  	-0.0208  	0.01436  	0.01237  	0.00177  	0.02317  	0.00571  	-0.0146  	0.02107  	-0.0013  	-0.0334  	0.03597  	0.00317  	-0.0017  	0.02449  	-0.0144  	-0.0069  	-0.0242  	0.03589  	-0.0073  	0.02253  	-0.2797  	
0.12358  	0.08248  	0.10835  	0.62428  	0.15963  	0.39372  	0.19472  	-0.5980  	0.18791  	0.14732  	-0.1274  	0.10713  	0.13780  	-0.2153  	-0.5892  	0.62621  	-0.0915  	0.17380  	-0.2924  	0.34674  	-0.0992  	-0.0821  	-0.5738  	0.30390  	0.02628  	-0.1826  	-0.2148  	-0.2369  	-0.0139  	-0.0262  	-0.2339  	0.23916  	0.21618  	-0.0508  	0.20778  	0.23238  	0.09166  	-0.0386  	-0.1071  	0.30134  	-0.0469  	0.05644  	0.01160  	-0.0134  	-0.0831  	-0.0444  	0.01651  	0.03611  	0.06926  	-0.0209  	0.02129  	0.01600  	-0.0080  	0.02419  	0.00889  	-0.0267  	0.01937  	-0.0016  	-0.0296  	0.03954  	0.00564  	-0.0017  	0.02778  	-0.0114  	-0.0069  	-0.0242  	0.03589  	-0.0073  	0.02253  	-0.2797  	
0.01393  	0.02864  	-0.0132  	0.89095  	0.27398  	0.42076  	0.16984  	-0.6189  	0.17314  	0.05191  	-0.0832  	0.28507  	0.08521  	-0.3143  	-0.5374  	0.72611  	-0.0699  	0.20641  	-0.3012  	0.42198  	-0.0553  	-0.1060  	-0.5820  	0.32329  	-0.0276  	-0.1572  	-0.2501  	-0.1400  	-0.0439  	-0.0451  	-0.2386  	0.23488  	0.23664  	-0.0588  	0.24353  	0.21295  	0.09929  	-0.0407  	-0.1557  	0.28107  	-0.0666  	0.07470  	-0.0141  	-0.0102  	-0.0844  	-0.0461  	0.01758  	0.01085  	0.06761  	-0.0196  	0.01179  	0.00730  	-0.0092  	0.02349  	0.00471  	-0.0236  	0.03346  	-0.0025  	-0.0215  	0.03232  	0.00551  	-0.0038  	0.01898  	-0.0113  	-0.0069  	-0.0242  	0.03589  	-0.0073  	0.02253  	-0.2797  	
-0.0415  	-0.0139  	-0.0229  	0.77829  	0.20754  	0.41219  	0.12500  	-0.6240  	0.18931  	-0.0020  	-0.0226  	0.39717  	0.05344  	-0.4636  	-0.7566  	0.83658  	-0.0845  	0.27866  	-0.2885  	0.46975  	-0.0688  	-0.1926  	-0.5954  	0.27634  	-0.1435  	-0.1400  	-0.3791  	-0.0409  	-0.0493  	-0.0865  	-0.2173  	0.22115  	0.25692  	-0.0247  	0.18364  	0.21901  	0.07303  	-0.0279  	-0.1360  	0.27552  	-0.0412  	0.04211  	0.00185  	-0.0260  	-0.0799  	-0.0475  	0.03078  	0.01319  	0.05074  	-0.0152  	0.01624  	0.00915  	-0.0020  	0.02337  	0.00259  	-0.0222  	0.03236  	0.00267  	-0.0250  	0.02838  	0.00968  	-0.0029  	0.03018  	-0.0049  	-0.0069  	-0.0242  	0.03589  	-0.0073  	0.02253  	-0.2797  	
-0.1280  	-0.0091  	-0.0140  	0.59451  	0.09497  	0.38217  	0.12688  	-0.6520  	0.15670  	-0.0151  	0.12588  	0.32177  	-0.0110  	-0.5978  	-0.8522  	0.82667  	-0.0943  	0.29240  	-0.2855  	0.45319  	-0.0692  	-0.2088  	-0.5631  	0.27657  	-0.1626  	-0.1395  	-0.4004  	-0.0933  	-0.0688  	-0.1180  	-0.2194  	0.23443  	0.24772  	-0.0481  	0.18434  	0.23890  	0.10179  	-0.0070  	-0.1804  	0.24905  	-0.0062  	0.03226  	0.01354  	-0.0189  	-0.0851  	-0.0462  	0.03631  	0.00130  	0.04838  	-0.0150  	0.01903  	0.01430  	0.00187  	0.02190  	0.00425  	-0.0328  	0.03149  	0.00263  	-0.0247  	0.03044  	0.00533  	-0.0097  	0.03276  	-0.0052  	-0.0069  	-0.0242  	0.03589  	-0.0073  	0.02253  	-0.2797  	
-0.1293  	-0.0198  	-0.0242  	0.65429  	0.12912  	0.36073  	0.12116  	-0.6523  	0.16860  	0.03325  	0.09783  	0.29062  	-0.0020  	-0.6020  	-0.8875  	0.85334  	-0.1024  	0.31910  	-0.2914  	0.51592  	-0.1528  	-0.2330  	-0.6260  	0.23945  	-0.1253  	-0.1464  	-0.4543  	0.01448  	0.00312  	-0.1117  	-0.2203  	0.24111  	0.25285  	-0.0407  	0.15677  	0.26054  	0.04003  	-0.0409  	-0.1414  	0.28110  	-0.0015  	0.02428  	0.02371  	-0.0237  	-0.0752  	-0.0432  	0.03531  	0.01556  	0.04247  	-0.0164  	0.02295  	0.01542  	-0.0023  	0.01883  	-0.0011  	-0.0314  	0.03667  	0.00364  	-0.0279  	0.03672  	0.00218  	-0.0116  	0.03852  	-0.0056  	-0.0069  	-0.0242  	0.03589  	-0.0073  	0.02253  	-0.2797  	
-0.0084  	0.00833  	-0.0245  	0.79898  	0.20549  	0.42299  	0.11022  	-0.6189  	0.16318  	0.01828  	0.06094  	0.36614  	0.05893  	-0.4525  	-0.7510  	0.81675  	-0.1231  	0.25685  	-0.3038  	0.49230  	-0.1051  	-0.1820  	-0.6664  	0.29359  	-0.1109  	-0.1599  	-0.3726  	-0.0419  	-0.0539  	-0.0710  	-0.2146  	0.23150  	0.25101  	-0.0362  	0.21361  	0.23615  	0.07976  	-0.0430  	-0.1565  	0.26381  	-0.0556  	0.04880  	-0.0031  	-0.0326  	-0.0748  	-0.0437  	0.02469  	0.00744  	0.05201  	-0.0154  	0.01551  	0.01183  	-0.0083  	0.02468  	0.00115  	-0.0304  	0.04284  	0.00607  	-0.0296  	0.02846  	6.14069  	-0.0082  	0.03125  	-0.0080  	-0.0069  	-0.0242  	0.03589  	-0.0073  	0.02253  	-0.2797  	
0.08318  	0.00473  	0.03101  	0.85892  	0.24582  	0.46006  	0.15121  	-0.5908  	0.17924  	-0.0027  	-0.0980  	0.32574  	0.11150  	-0.3205  	-0.5781  	0.73736  	-0.1221  	0.24644  	-0.3200  	0.43399  	-0.1021  	-0.1659  	-0.5975  	0.32263  	-0.1415  	-0.1591  	-0.3267  	-0.0824  	-0.0472  	-0.0589  	-0.2336  	0.23819  	0.27158  	-0.0429  	0.22815  	0.20272  	0.06859  	-0.0587  	-0.1439  	0.30408  	-0.0746  	0.07051  	-0.0044  	-0.0321  	-0.0760  	-0.0498  	0.03624  	0.01619  	0.06337  	-0.0164  	0.01504  	0.00777  	-0.0094  	0.02318  	0.00520  	-0.0269  	0.03650  	-8.2444  	-0.0291  	0.02829  	-0.0018  	0.00012  	0.02364  	-0.0126  	-0.0069  	-0.0242  	0.03589  	-0.0073  	0.02253  	-0.2797  	
0.21058  	0.08348  	0.13067  	0.85885  	0.19316  	0.54750  	0.16695  	-0.5837  	0.20380  	0.03735  	-0.2308  	0.18030  	0.15313  	-0.1807  	-0.5034  	0.68829  	-0.0827  	0.23659  	-0.3118  	0.36342  	-0.0925  	-0.1160  	-0.5585  	0.25505  	-0.0487  	-0.1703  	-0.3340  	-0.1426  	0.05638  	-0.0290  	-0.2257  	0.21347  	0.23377  	-0.0388  	0.19216  	0.20443  	0.04281  	-0.0707  	-0.1034  	0.29492  	-0.0380  	0.05396  	0.02114  	-0.0178  	-0.0750  	-0.0383  	0.02209  	0.02702  	0.07158  	-0.0159  	0.01840  	0.01172  	-0.0063  	0.01993  	0.00728  	-0.0182  	0.02303  	0.00427  	-0.0277  	0.03254  	-0.0005  	0.00224  	0.02439  	-0.0161  	-0.0069  	-0.0242  	0.03589  	-0.0073  	0.02253  	-0.2797  	
0.15273  	0.04603  	0.04386  	0.85038  	0.23723  	0.43595  	0.20102  	-0.6427  	0.16969  	0.09126  	-0.2379  	0.13847  	0.16423  	-0.1570  	-0.4893  	0.57061  	-0.0776  	0.19757  	-0.3100  	0.35699  	-0.1560  	-0.0968  	-0.5720  	0.28127  	0.00112  	-0.1793  	-0.2501  	-0.1623  	0.04901  	-0.0076  	-0.2357  	0.21753  	0.22053  	-0.0392  	0.20615  	0.23887  	0.05273  	-0.0639  	-0.1048  	0.31664  	-0.0673  	0.05503  	0.00123  	-0.0150  	-0.0692  	-0.0415  	0.02133  	0.01913  	0.06997  	-0.0190  	0.02227  	0.01218  	-0.0026  	0.01839  	0.00475  	-0.0235  	0.02419  	0.00284  	-0.0269  	0.03915  	0.00533  	-0.0033  	0.03231  	-0.0107  	-0.0069  	-0.0242  	0.03589  	-0.0073  	0.02253  	-0.2797  	
-0.0924  	-0.0252  	-0.0101  	0.65125  	0.11236  	0.37451  	0.14118  	-0.6489  	0.16948  	0.00945  	0.08561  	0.35102  	0.02178  	-0.4876  	-0.8587  	0.80737  	-0.0866  	0.29834  	-0.2861  	0.49096  	-0.0267  	-0.2217  	-0.5785  	0.28552  	-0.1799  	-0.1338  	-0.3978  	-0.0596  	-0.0769  	-0.1281  	-0.1895  	0.22026  	0.26004  	-0.0458  	0.18661  	0.22085  	0.11159  	-0.0243  	-0.1646  	0.25926  	-0.0133  	0.03154  	0.00642  	-0.0307  	-0.0780  	-0.0485  	0.03576  	0.00667  	0.04537  	-0.0130  	0.01401  	0.01203  	-0.0048  	0.02270  	0.00199  	-0.0285  	0.03378  	0.00067  	-0.0283  	0.03140  	0.00726  	-0.0014  	0.03127  	-0.0057  	-0.0069  	-0.0242  	0.03589  	-0.0073  	0.02253  	-0.2797  	
-0.1958  	-0.0538  	-0.0129  	0.50229  	0.05029  	0.35022  	0.13903  	-0.6645  	0.15540  	0.00162  	0.19191  	0.28134  	-0.0446  	-0.6568  	-0.9873  	0.84314  	-0.1186  	0.31612  	-0.2803  	0.48219  	-0.0802  	-0.2198  	-0.5752  	0.27352  	-0.1636  	-0.1370  	-0.4019  	-0.0674  	-0.0529  	-0.1328  	-0.2073  	0.22928  	0.23942  	-0.0572  	0.17059  	0.28431  	0.08818  	-0.0202  	-0.1701  	0.24772  	0.01089  	0.03027  	0.01682  	-0.0157  	-0.0786  	-0.0483  	0.03367  	-0.0057  	0.04121  	-0.0176  	0.01825  	0.01340  	-3.7107  	0.02169  	0.00460  	-0.0343  	0.03687  	0.00837  	-0.0213  	0.02971  	-0.0018  	-0.0060  	0.03222  	-0.0023  	-0.0069  	-0.0242  	0.03589  	-0.0073  	0.02253  	-0.2797  	
-0.0682  	-0.0182  	-0.0186  	0.73810  	0.17241  	0.42216  	0.12053  	-0.6364  	0.14997  	-0.0158  	0.07675  	0.34864  	0.01380  	-0.5623  	-0.7893  	0.86290  	-0.0954  	0.27712  	-0.2858  	0.48936  	-0.1086  	-0.1984  	-0.6324  	0.30706  	-0.1107  	-0.1486  	-0.3579  	-0.0548  	-0.0409  	-0.0927  	-0.2311  	0.23573  	0.23515  	-0.0418  	0.21184  	0.25857  	0.09627  	-0.0304  	-0.1829  	0.26041  	-0.0423  	0.04484  	-0.0009  	-0.0299  	-0.0673  	-0.0449  	0.02653  	0.00937  	0.05071  	-0.0130  	0.02057  	0.01335  	-0.0028  	0.01710  	0.00500  	-0.0297  	0.04027  	0.00518  	-0.0259  	0.03659  	0.00126  	-0.0149  	0.03300  	-0.0074  	-0.0069  	-0.0242  	0.03589  	-0.0073  	0.02253  	-0.2797  	
0.05368  	0.02099  	0.02666  	0.84378  	0.21419  	0.46415  	0.12454  	-0.5959  	0.17539  	-0.0046  	-0.0624  	0.34137  	0.06926  	-0.4121  	-0.6325  	0.81512  	-0.1049  	0.29512  	-0.2737  	0.48693  	-0.0763  	-0.1934  	-0.6160  	0.23609  	-0.0956  	-0.1530  	-0.3825  	-0.0735  	-0.0117  	-0.0596  	-0.2347  	0.22213  	0.25928  	-0.0404  	0.20813  	0.22547  	0.06413  	-0.0357  	-0.1320  	0.27294  	-0.0406  	0.04721  	0.00246  	-0.0195  	-0.0699  	-0.0454  	0.02652  	0.01808  	0.05674  	-0.0215  	0.02896  	0.01323  	-0.0025  	0.02418  	0.00525  	-0.0167  	0.03116  	0.00371  	-0.0318  	0.03101  	0.00029  	-0.0035  	0.02805  	-0.0087  	-0.0069  	-0.0242  	0.03589  	-0.0073  	0.02253  	-0.2797  	
0.12547  	0.06815  	0.03611  	0.80601  	0.17832  	0.46960  	0.15517  	-0.5717  	0.19672  	-0.0188  	-0.0271  	0.29436  	0.11080  	-0.2905  	-0.6641  	0.78828  	-0.1126  	0.27812  	-0.2878  	0.45559  	-0.0543  	-0.1689  	-0.6269  	0.30139  	-0.1015  	-0.1618  	-0.3660  	-0.1041  	-0.0335  	-0.0657  	-0.2312  	0.22539  	0.27372  	-0.0433  	0.24290  	0.21690  	0.07027  	-0.0285  	-0.1501  	0.27684  	-0.0378  	0.05848  	0.00837  	-0.0204  	-0.0851  	-0.0422  	0.03172  	0.01141  	0.05596  	-0.0199  	0.01984  	0.01534  	-0.0032  	0.02760  	0.00416  	-0.0227  	0.02315  	0.00260  	-0.0272  	0.03605  	0.00205  	-0.0023  	0.01682  	-0.0142  	-0.0069  	-0.0242  	0.03589  	-0.0073  	0.02253  	-0.2797  	
-0.1572  	-0.0305  	-0.1071  	0.60964  	0.11675  	0.23569  	0.14556  	-0.6342  	0.16398  	0.04807  	0.20346  	0.40829  	0.06335  	-0.3351  	-0.8714  	0.74349  	-0.1255  	0.29977  	-0.2982  	0.51677  	-0.0400  	-0.1871  	-0.6616  	0.34851  	-0.1965  	-0.1507  	-0.4370  	-0.0829  	-0.0742  	-0.1398  	-0.2107  	0.21264  	0.26630  	-0.0553  	0.24374  	0.21592  	0.09953  	-0.0302  	-0.1708  	0.26917  	-0.0276  	0.02463  	-0.0184  	-0.0295  	-0.0690  	-0.0462  	0.03637  	0.00695  	0.04756  	-0.0110  	0.01940  	0.01609  	-0.0070  	0.01885  	-0.0020  	-0.0303  	0.02580  	-0.0004  	-0.0300  	0.03424  	0.01648  	-0.0099  	0.02090  	-0.0086  	-0.0069  	-0.0242  	0.03589  	-0.0073  	0.02253  	-0.2797  	
-0.3815  	-0.0883  	-0.1925  	0.49546  	0.11597  	0.12075  	0.12574  	-0.6844  	0.14014  	0.04995  	0.32203  	0.39860  	-0.0169  	-0.5564  	-0.9436  	0.73549  	-0.1338  	0.32731  	-0.2885  	0.57653  	-0.0491  	-0.2573  	-0.6237  	0.30231  	-0.2432  	-0.1263  	-0.4914  	-0.0160  	-0.1045  	-0.1807  	-0.1871  	0.21500  	0.29585  	-0.0471  	0.21407  	0.24149  	0.06338  	-0.0372  	-0.1686  	0.27066  	-0.0111  	0.05368  	-0.0275  	-0.0425  	-0.0720  	-0.0454  	0.04748  	-0.0068  	0.03574  	-0.0121  	0.01193  	0.01650  	-0.0009  	0.02608  	0.00465  	-0.0346  	0.03669  	0.00132  	-0.0298  	0.03338  	0.00567  	-0.0023  	0.02030  	-0.0069  	-0.0069  	-0.0242  	0.03589  	-0.0073  	0.02253  	-0.2797  	
-0.3526  	-0.1181  	-0.1690  	0.49204  	0.11346  	0.13496  	0.11745  	-0.6434  	0.14900  	0.06831  	0.33958  	0.43454  	-0.0110  	-0.5706  	-0.9622  	0.73708  	-0.1439  	0.31970  	-0.2903  	0.55610  	-0.0765  	-0.2683  	-0.6447  	0.29404  	-0.2266  	-0.1194  	-0.4676  	-0.0166  	-0.1094  	-0.1498  	-0.1785  	0.21444  	0.29074  	-0.0483  	0.20410  	0.22608  	0.05017  	-0.0287  	-0.1615  	0.24994  	-0.0299  	0.05450  	-0.0361  	-0.0545  	-0.0654  	-0.0490  	0.04795  	-0.0096  	0.03624  	-0.0137  	0.00850  	0.01593  	-0.0023  	0.02269  	-0.0017  	-0.0415  	0.03575  	0.00323  	-0.0305  	0.03353  	0.00369  	-0.0072  	0.02964  	-0.0038  	-0.0069  	-0.0242  	0.03589  	-0.0073  	0.02253  	-0.2797  	
-0.0174  	0.00901  	-0.0164  	0.63813  	0.11661  	0.35596  	0.17431  	-0.6261  	0.17988  	0.05460  	0.03892  	0.40479  	0.06983  	-0.3270  	-0.6273  	0.69646  	-0.1119  	0.24305  	-0.3020  	0.45080  	-0.0420  	-0.1927  	-0.5784  	0.33697  	-0.2395  	-0.1321  	-0.3720  	-0.1357  	-0.1377  	-0.1236  	-0.1956  	0.23298  	0.29266  	-0.0599  	0.21370  	0.16155  	0.08729  	-0.0628  	-0.1640  	0.29415  	-0.0336  	0.04025  	-0.0067  	-0.0233  	-0.0606  	-0.0453  	0.03616  	0.00987  	0.05024  	-0.0041  	0.01066  	0.00671  	-0.0122  	0.02170  	-0.0016  	-0.0247  	0.03456  	-0.0067  	-0.0289  	0.04105  	0.00330  	-0.0006  	0.01107  	-0.0103  	-0.0069  	-0.0242  	0.03589  	-0.0073  	0.02253  	-0.2797  	
0.17731  	0.06667  	0.15772  	0.72964  	0.14887  	0.54883  	0.18352  	-0.5664  	0.20524  	-0.0089  	-0.2338  	0.22488  	0.16567  	-0.1976  	-0.5114  	0.69036  	-0.0698  	0.23379  	-0.2926  	0.30198  	-0.0651  	-0.1161  	-0.5217  	0.24409  	-0.1250  	-0.1319  	-0.3409  	-0.1946  	-0.0171  	-0.0654  	-0.1952  	0.21119  	0.26911  	-0.0526  	0.18015  	0.18021  	0.06921  	-0.0373  	-0.1497  	0.26901  	-0.0143  	0.04865  	0.03384  	-0.0120  	-0.0807  	-0.0432  	0.02691  	0.03350  	0.06801  	-0.0148  	0.00644  	0.01114  	-0.0104  	0.01974  	0.00768  	-0.0188  	0.02454  	0.00509  	-0.0303  	0.03047  	0.00522  	0.00944  	0.03356  	-0.0120  	-0.0069  	-0.0242  	0.03589  	-0.0073  	0.02253  	-0.2797  	
0.00428  	0.04662  	0.00256  	0.74526  	0.15446  	0.31961  	0.15356  	-0.5967  	0.15996  	0.05015  	-0.0243  	0.20958  	0.09757  	-0.2673  	-0.6193  	0.68621  	-0.0898  	0.19963  	-0.3012  	0.39180  	-0.0426  	-0.1537  	-0.6160  	0.35207  	-0.0394  	-0.1546  	-0.2386  	-0.2307  	-0.0887  	-0.0426  	-0.2059  	0.24045  	0.24663  	-0.0511  	0.28276  	0.20067  	0.12597  	-0.0422  	-0.1792  	0.27136  	-0.0883  	0.06925  	-0.0276  	-0.0438  	-0.0797  	-0.0400  	0.02605  	0.01262  	0.04864  	-0.0122  	0.01855  	0.01472  	-0.0012  	0.02259  	-0.0002  	-0.0266  	0.02117  	0.00066  	-0.0261  	0.03585  	0.00558  	0.00217  	0.02345  	-0.0132  	-0.0069  	-0.0242  	0.03589  	-0.0073  	0.02253  	-0.2797  	
-0.3023  	-0.0667  	-0.2112  	0.65166  	0.17496  	0.16865  	0.11727  	-0.6868  	0.13862  	0.08137  	0.23201  	0.44457  	0.01069  	-0.4945  	-0.8652  	0.76108  	-0.1379  	0.32501  	-0.2924  	0.54359  	-0.0802  	-0.2153  	-0.6598  	0.32877  	-0.2302  	-0.1383  	-0.5171  	-0.0260  	-0.0757  	-0.1243  	-0.2039  	0.21728  	0.27730  	-0.0296  	0.23194  	0.23388  	0.05253  	-0.0295  	-0.1725  	0.25887  	-0.0312  	0.05116  	-0.0315  	-0.0532  	-0.0749  	-0.0445  	0.04581  	-0.0032  	0.04158  	-0.0142  	0.02085  	0.01242  	-0.0008  	0.02540  	-0.0020  	-0.0318  	0.03701  	0.00615  	-0.0269  	0.02836  	0.00444  	0.00163  	0.02966  	-0.0120  	-0.0069  	-0.0242  	0.03589  	-0.0073  	0.02253  	-0.2797  	
-0.3026  	-0.0770  	-0.1276  	0.57597  	0.13245  	0.21321  	0.13846  	-0.6607  	0.15922  	0.04272  	0.29176  	0.41387  	-0.0223  	-0.5927  	-0.9557  	0.79396  	-0.1330  	0.33479  	-0.2994  	0.55237  	-0.0856  	-0.2355  	-0.6256  	0.28461  	-0.2394  	-0.1433  	-0.4879  	-0.0046  	-0.0682  	-0.1460  	-0.1882  	0.22855  	0.27358  	-0.0445  	0.20405  	0.24472  	0.06541  	-0.0331  	-0.1562  	0.23592  	-0.0073  	0.05046  	-0.0177  	-0.0555  	-0.0678  	-0.0441  	0.03970  	-0.0054  	0.04933  	-0.0198  	0.01677  	0.01718  	-0.0011  	0.02077  	0.00400  	-0.0359  	0.03286  	0.00298  	-0.0262  	0.02835  	0.00484  	-0.0016  	0.02877  	-0.0038  	-0.0069  	-0.0242  	0.03589  	-0.0073  	0.02253  	-0.2797  	
-0.2047  	-0.0393  	-0.0694  	0.56703  	0.11223  	0.29144  	0.11071  	-0.6494  	0.17217  	0.02424  	0.14565  	0.39954  	0.00155  	-0.5203  	-0.8606  	0.77127  	-0.0960  	0.30517  	-0.3024  	0.49366  	-0.0982  	-0.2337  	-0.5742  	0.23588  	-0.2396  	-0.1124  	-0.4912  	-0.0115  	-0.0310  	-0.1403  	-0.1952  	0.21038  	0.27192  	-0.0353  	0.15028  	0.21723  	0.04442  	-0.0233  	-0.1438  	0.24390  	0.00542  	0.03536  	0.01458  	-0.0286  	-0.0784  	-0.0416  	0.04354  	0.00594  	0.04092  	-0.0154  	0.01243  	0.01522  	-0.0044  	0.02233  	0.00336  	-0.0377  	0.03079  	0.00345  	-0.0306  	0.02794  	0.00715  	-0.0098  	0.03172  	-0.0016  	-0.0069  	-0.0242  	0.03589  	-0.0073  	0.02253  	-0.2797  	
-0.0302  	0.06444  	0.06597  	0.60913  	0.07524  	0.36554  	0.09812  	-0.5794  	0.19654  	0.01677  	0.08469  	0.36553  	0.03906  	-0.4740  	-0.7918  	0.78010  	-0.0759  	0.26156  	-0.3002  	0.45210  	-0.0178  	-0.2364  	-0.5277  	0.23716  	-0.2675  	-0.1171  	-0.4586  	-0.0855  	-0.1085  	-0.1406  	-0.1828  	0.22424  	0.28770  	-0.0462  	0.16472  	0.16584  	0.11063  	-0.0063  	-0.1662  	0.22719  	0.01933  	0.02201  	0.03272  	-0.0150  	-0.0797  	-0.0458  	0.03986  	0.01102  	0.04218  	-0.0191  	0.00165  	0.01356  	-0.0021  	0.02356  	0.00214  	-0.0326  	0.02810  	0.00043  	-0.0290  	0.02797  	0.00579  	0.00898  	0.02841  	-0.0065  	-0.0069  	-0.0242  	0.03589  	-0.0073  	0.02253  	-0.2797  	
0.07435  	0.09414  	0.14547  	0.57382  	0.00797  	0.45005  	0.08831  	-0.5265  	0.22147  	-0.0277  	0.19066  	0.34348  	0.01461  	-0.4379  	-0.7585  	0.84645  	-0.0737  	0.21778  	-0.2752  	0.40383  	0.13762  	-0.2028  	-0.5002  	0.28392  	-0.2344  	-0.1388  	-0.3638  	-0.2388  	-0.2126  	-0.1570  	-0.1945  	0.24907  	0.28461  	-0.0623  	0.22684  	0.14389  	0.22785  	0.03341  	-0.2066  	0.18591  	-0.0024  	0.02666  	0.01693  	-0.0260  	-0.0796  	-0.0397  	0.03968  	0.00574  	0.04536  	-0.0102  	0.00027  	0.01494  	0.00171  	0.02752  	0.00081  	-0.0238  	0.02450  	0.00302  	-0.0307  	0.03144  	0.00772  	0.00671  	0.02829  	-0.0087  	-0.0069  	-0.0242  	0.03589  	-0.0073  	0.02253  	-0.2797  	
0.10927  	0.11074  	0.20122  	0.60166  	-0.0138  	0.46704  	0.06707  	-0.4362  	0.22497  	-0.0865  	0.25535  	0.36373  	0.03999  	-0.4713  	-0.7204  	0.85791  	-0.0035  	0.07776  	-0.2035  	0.15732  	0.25156  	-0.3975  	-0.6822  	0.32334  	-0.2960  	-0.0739  	-0.3234  	-0.3957  	-0.2263  	-0.1720  	-0.1052  	0.22734  	0.20609  	-0.1936  	0.22562  	0.11169  	0.21507  	0.05736  	-0.3286  	0.10020  	0.03632  	0.13340  	-0.0800  	0.03623  	-0.1261  	-0.0243  	0.01527  	0.02251  	0.03479  	-0.0153  	0.00486  	0.01991  	0.00393  	0.04510  	0.00587  	-0.0210  	0.01962  	-0.0049  	-0.0327  	0.03964  	0.01132  	0.00011  	0.01760  	-0.0090  	-0.0069  	-0.0242  	0.03589  	-0.0073  	0.02253  	-0.2797  	
0.02352  	0.10680  	0.16138  	0.52364  	0.00474  	0.34452  	0.06742  	-0.4655  	0.19620  	-0.0225  	0.25558  	0.39880  	0.10037  	-0.5184  	-0.8439  	0.80014  	0.03962  	0.04128  	-0.1694  	0.05803  	0.15934  	-0.5709  	-0.9319  	0.28234  	-0.3242  	0.01168  	-0.4155  	-0.3003  	-0.0386  	-0.1868  	-0.0176  	0.14652  	0.16783  	-0.2996  	0.12103  	0.15323  	0.04508  	0.00891  	-0.3546  	0.07876  	0.13611  	0.21701  	-0.1441  	0.07930  	-0.1708  	-0.0114  	0.00591  	0.03318  	0.02114  	-0.0223  	0.01955  	0.02089  	0.00183  	0.04958  	0.01398  	-0.0325  	0.01848  	-0.0090  	-0.0304  	0.04143  	0.01147  	-0.0048  	0.01324  	-0.0039  	-0.0069  	-0.0242  	0.03589  	-0.0073  	0.02253  	-0.2797  	
-0.2487  	-0.0244  	-0.0133  	0.36042  	-0.0193  	0.17955  	0.06493  	-0.6067  	0.12777  	0.03892  	0.29596  	0.31411  	0.03437  	-0.7086  	-1.0282  	0.67683  	0.06075  	0.05094  	-0.1603  	0.05827  	-0.0073  	-0.6104  	-0.9885  	0.22474  	-0.3096  	0.04244  	-0.4707  	-0.1877  	0.05932  	-0.1829  	0.00116  	0.13254  	0.09887  	-0.3227  	0.01951  	0.24071  	-0.0481  	-0.0094  	-0.3550  	0.09398  	0.17132  	0.23762  	-0.1607  	0.10727  	-0.1695  	-0.0176  	0.00170  	0.02998  	0.01136  	-0.0325  	0.01822  	0.02396  	-0.0022  	0.05070  	0.01629  	-0.0357  	0.02721  	-0.0132  	-0.0313  	0.04253  	0.01101  	-0.0079  	0.00601  	-0.0009  	-0.0069  	-0.0242  	0.03589  	-0.0073  	0.02253  	-0.2797  	
-0.2926  	-0.0624  	-0.0326  	0.36265  	-0.0639  	0.18867  	0.05820  	-0.6378  	0.11811  	0.02808  	0.29666  	0.27440  	-0.0011  	-0.7946  	-1.0203  	0.70579  	0.06497  	0.06342  	-0.1724  	0.07887  	0.00017  	-0.5746  	-0.9286  	0.23687  	-0.2706  	0.02548  	-0.4291  	-0.1966  	0.05859  	-0.1692  	-0.0302  	0.16847  	0.09162  	-0.2926  	0.02684  	0.24593  	-0.0249  	-0.0068  	-0.3428  	0.10770  	0.15605  	0.22492  	-0.1518  	0.09175  	-0.1582  	-0.0198  	0.00590  	0.02446  	0.01798  	-0.0266  	0.01970  	0.02534  	0.00135  	0.05378  	0.01794  	-0.0361  	0.02912  	-0.0101  	-0.0272  	0.04066  	0.01103  	-0.0090  	0.00851  	-0.0032  	-0.0069  	-0.0242  	0.03589  	-0.0073  	0.02253  	-0.2797  	
-0.1704  	-0.0301  	-0.0415  	0.50222  	0.01214  	0.30588  	0.07735  	-0.6143  	0.14339  	-0.0206  	0.14624  	0.35864  	0.02820  	-0.6645  	-0.9092  	0.70790  	0.00269  	0.16536  	-0.2237  	0.25330  	-0.0662  	-0.3869  	-0.7442  	0.23754  	-0.2722  	-0.0233  	-0.4538  	-0.1114  	0.01707  	-0.1566  	-0.0920  	0.17816  	0.19411  	-0.1899  	0.08119  	0.23131  	-0.0067  	-0.0238  	-0.2639  	0.18128  	0.09297  	0.12877  	-0.0621  	0.04707  	-0.1244  	-0.0344  	0.02299  	0.01945  	0.03068  	-0.0226  	0.01725  	0.01791  	-0.0016  	0.03330  	0.00748  	-0.0392  	0.03201  	-0.0066  	-0.0315  	0.03499  	0.00676  	-0.0058  	0.01980  	-0.0013  	-0.0069  	-0.0242  	0.03589  	-0.0073  	0.02253  	-0.2797  	
-0.1642  	-0.0283  	-0.0777  	0.48447  	0.02298  	0.30366  	0.13670  	-0.7124  	0.15495  	0.05130  	0.13634  	0.34468  	-0.0101  	-0.6214  	-0.9774  	0.78092  	-0.0861  	0.35405  	-0.2891  	0.48865  	-0.1820  	-0.2124  	-0.5819  	0.20289  	-0.1888  	-0.1164  	-0.5230  	0.03318  	0.01902  	-0.1492  	-0.1808  	0.21017  	0.25925  	-0.0410  	0.09453  	0.27365  	0.00649  	-0.0271  	-0.1374  	0.26903  	0.05100  	0.02047  	0.03419  	-0.0247  	-0.0848  	-0.0448  	0.03953  	0.00520  	0.04287  	-0.0127  	0.01337  	0.01362  	-0.0019  	0.02124  	0.00616  	-0.0391  	0.03212  	0.00311  	-0.0256  	0.02818  	0.00066  	-0.0030  	0.03164  	-0.0016  	-0.0069  	-0.0242  	0.03589  	-0.0073  	0.02253  	-0.2797  	
-0.1577  	-0.0081  	-0.0064  	0.44724  	0.02909  	0.32811  	0.13576  	-0.6861  	0.17912  	0.06435  	0.19176  	0.33272  	-0.0128  	-0.5917  	-1.0145  	0.84031  	-0.1071  	0.36680  	-0.2821  	0.51626  	-0.1758  	-0.2300  	-0.6095  	0.19417  	-0.1990  	-0.1288  	-0.5269  	0.03429  	0.02485  	-0.1513  	-0.1925  	0.21023  	0.26883  	-0.0423  	0.11720  	0.29313  	0.01888  	-0.0225  	-0.1430  	0.26344  	0.05709  	0.02014  	0.03195  	-0.0215  	-0.0858  	-0.0485  	0.04198  	0.01242  	0.04396  	-0.0149  	0.01819  	0.01408  	0.00055  	0.02256  	0.01144  	-0.0364  	0.03311  	0.00445  	-0.0283  	0.03137  	0.00321  	-0.0069  	0.03391  	-0.0013  	-0.0069  	-0.0242  	0.03589  	-0.0073  	0.02253  	-0.2797  	
-0.2163  	-0.0579  	-0.0248  	0.38435  	-0.0342  	0.27886  	0.11226  	-0.7048  	0.15050  	0.05918  	0.25392  	0.26647  	-0.0518  	-0.6844  	-1.0848  	0.81455  	-0.0952  	0.33859  	-0.2731  	0.49874  	-0.1357  	-0.2619  	-0.5894  	0.22611  	-0.1781  	-0.1256  	-0.4594  	-0.0117  	-0.0285  	-0.1458  	-0.1946  	0.23197  	0.24305  	-0.0607  	0.12816  	0.29747  	0.08347  	-0.0167  	-0.1756  	0.24231  	0.04515  	0.02263  	0.02167  	-0.0151  	-0.0745  	-0.0460  	0.04275  	-0.0009  	0.04101  	-0.0197  	0.01653  	0.01463  	0.00176  	0.02056  	0.00778  	-0.0379  	0.03353  	0.00683  	-0.0252  	0.02835  	0.00016  	-0.0081  	0.03981  	-0.0017  	-0.0069  	-0.0242  	0.03589  	-0.0073  	0.02253  	-0.2797  	
-0.2873  	-0.0805  	-0.0830  	0.35748  	-0.0377  	0.24939  	0.12064  	-0.7449  	0.13629  	0.05291  	0.18382  	0.24636  	-0.0502  	-0.7403  	-1.0808  	0.80683  	-0.0791  	0.33574  	-0.2678  	0.48746  	-0.1829  	-0.2513  	-0.5753  	0.22594  	-0.1348  	-0.1279  	-0.4465  	0.01334  	-0.0036  	-0.1257  	-0.1994  	0.24340  	0.22072  	-0.0457  	0.08634  	0.31234  	0.05696  	-0.0169  	-0.1571  	0.24463  	0.04999  	0.02097  	0.02435  	-0.0217  	-0.0735  	-0.0461  	0.03635  	-0.0081  	0.04248  	-0.0137  	0.01379  	0.01562  	0.00179  	0.02459  	0.00525  	-0.0362  	0.03016  	0.00579  	-0.0248  	0.02956  	0.00503  	-0.0099  	0.03322  	-0.0072  	-0.0069  	-0.0242  	0.03589  	-0.0073  	0.02253  	-0.2797  	
-0.3788  	-0.1078  	-0.1798  	0.40328  	0.03900  	0.16199  	0.12200  	-0.7269  	0.12794  	0.08477  	0.25437  	0.31641  	-0.0391  	-0.6719  	-1.0526  	0.75233  	-0.1099  	0.33972  	-0.3032  	0.49840  	-0.1851  	-0.2443  	-0.5792  	0.23792  	-0.1905  	-0.1118  	-0.4708  	0.02186  	0.01504  	-0.1260  	-0.1807  	0.21234  	0.23736  	-0.0470  	0.10824  	0.29793  	0.03799  	-0.0250  	-0.1470  	0.25145  	0.02928  	0.02824  	0.00859  	-0.0284  	-0.0750  	-0.0455  	0.04125  	-0.0082  	0.04036  	-0.0201  	0.00989  	0.01526  	-0.0014  	0.02245  	0.00621  	-0.0391  	0.03128  	0.00032  	-0.0269  	0.02741  	0.00269  	-0.0038  	0.03386  	-0.0030  	-0.0069  	-0.0242  	0.03589  	-0.0073  	0.02253  	-0.2797  	
-0.3500  	-0.0832  	-0.1898  	0.49421  	0.10760  	0.17546  	0.09484  	-0.7016  	0.14635  	0.06080  	0.23040  	0.39056  	-0.0324  	-0.6222  	-1.0070  	0.74960  	-0.1140  	0.33096  	-0.2972  	0.49140  	-0.1583  	-0.2436  	-0.5902  	0.20989  	-0.2252  	-0.1090  	-0.4973  	0.05826  	0.02549  	-0.1152  	-0.1757  	0.20432  	0.25316  	-0.0449  	0.11668  	0.27855  	0.01807  	-0.0502  	-0.1461  	0.25704  	0.01175  	0.03205  	-0.0040  	-0.0275  	-0.0731  	-0.0469  	0.04188  	-0.0120  	0.04269  	-0.0100  	0.01664  	0.01028  	-0.0017  	0.02193  	0.00690  	-0.0359  	0.03749  	0.00462  	-0.0287  	0.02732  	0.00123  	0.00097  	0.02966  	-0.0039  	-0.0069  	-0.0242  	0.03589  	-0.0073  	0.02253  	-0.2797  	
-0.2184  	-0.0439  	-0.1009  	0.59291  	0.11991  	0.27086  	0.07704  	-0.6368  	0.17508  	-0.0034  	0.16478  	0.41041  	0.00316  	-0.5143  	-0.8520  	0.77488  	-0.0827  	0.29770  	-0.2968  	0.48094  	-0.1083  	-0.2369  	-0.5744  	0.23149  	-0.2432  	-0.1179  	-0.4885  	0.01057  	-0.0075  	-0.1285  	-0.2026  	0.21046  	0.26230  	-0.0413  	0.15308  	0.21851  	0.05028  	-0.0323  	-0.1449  	0.23293  	0.00284  	0.02636  	0.00646  	-0.0376  	-0.0744  	-0.0417  	0.04246  	-0.0029  	0.04024  	-0.0124  	0.01551  	0.01254  	-0.0063  	0.02215  	0.00560  	-0.0319  	0.03237  	0.00220  	-0.0277  	0.02845  	0.00483  	-0.0044  	0.02593  	-0.0050  	-0.0069  	-0.0242  	0.03589  	-0.0073  	0.02253  	-0.2797  	
-0.0644  	0.03768  	0.03226  	0.62940  	0.11124  	0.35574  	0.09024  	-0.5870  	0.20295  	0.00259  	0.09447  	0.39542  	0.03028  	-0.4650  	-0.7830  	0.78620  	-0.0762  	0.26761  	-0.3080  	0.46362  	-0.0381  	-0.2426  	-0.5622  	0.24487  	-0.2655  	-0.1195  	-0.4586  	-0.0593  	-0.0934  	-0.1448  	-0.1931  	0.22274  	0.28799  	-0.0470  	0.18095  	0.17309  	0.09463  	-0.0138  	-0.1713  	0.23106  	0.00465  	0.01820  	0.02500  	-0.0184  	-0.0810  	-0.0500  	0.04271  	0.00413  	0.04367  	-0.0193  	0.00535  	0.01184  	-0.0029  	0.02450  	0.00209  	-0.0333  	0.02931  	-0.0028  	-0.0286  	0.03107  	0.00544  	0.00571  	0.02578  	-0.0045  	-0.0069  	-0.0242  	0.03589  	-0.0073  	0.02253  	-0.2797  	
0.06749  	0.08599  	0.12609  	0.60289  	0.03869  	0.43820  	0.09843  	-0.5324  	0.21999  	-0.0126  	0.15624  	0.35508  	0.03024  	-0.4217  	-0.7373  	0.83963  	-0.0710  	0.22283  	-0.2774  	0.41391  	0.10441  	-0.1999  	-0.5056  	0.29300  	-0.2330  	-0.1241  	-0.3703  	-0.2220  	-0.1910  	-0.1515  	-0.1870  	0.24148  	0.28784  	-0.0573  	0.22544  	0.14860  	0.20003  	0.01847  	-0.1932  	0.20489  	-0.0122  	0.03220  	0.01327  	-0.0200  	-0.0750  	-0.0380  	0.03966  	0.00687  	0.04086  	-0.0123  	0.00129  	0.01645  	-0.0006  	0.02498  	0.00115  	-0.0266  	0.02591  	0.00357  	-0.0316  	0.02975  	0.00786  	0.00768  	0.03213  	-0.0075  	-0.0069  	-0.0242  	0.03589  	-0.0073  	0.02253  	-0.2797  	
0.11981  	0.10180  	0.17769  	0.57163  	-0.0376  	0.49593  	0.09819  	-0.4736  	0.23848  	-0.0664  	0.25961  	0.33179  	-0.0036  	-0.4194  	-0.7583  	0.90797  	-0.0704  	0.20227  	-0.2581  	0.34897  	0.22281  	-0.2039  	-0.4562  	0.35245  	-0.2283  	-0.1590  	-0.2892  	-0.3641  	-0.3188  	-0.1641  	-0.2031  	0.27416  	0.27696  	-0.0641  	0.28688  	0.12660  	0.31117  	0.06872  	-0.2438  	0.16569  	-0.0342  	0.02628  	0.01561  	-0.0219  	-0.0793  	-0.0392  	0.03316  	0.00815  	0.04620  	-0.0066  	-0.0021  	0.01611  	0.00214  	0.03083  	0.00142  	-0.0198  	0.02110  	0.00517  	-0.0344  	0.03316  	0.00941  	0.00033  	0.03041  	-0.0082  	-0.0069  	-0.0242  	0.03589  	-0.0073  	0.02253  	-0.2797  	
0.14343  	0.10467  	0.19459  	0.56879  	-0.0485  	0.50752  	0.10785  	-0.4603  	0.24998  	-0.0706  	0.28651  	0.35222  	0.00442  	-0.3939  	-0.7800  	0.92520  	-0.0714  	0.19656  	-0.2552  	0.33580  	0.22480  	-0.2025  	-0.4490  	0.35379  	-0.2473  	-0.1559  	-0.2893  	-0.3677  	-0.3333  	-0.1615  	-0.2047  	0.27664  	0.28316  	-0.0630  	0.29074  	0.12208  	0.31672  	0.06881  	-0.2446  	0.16251  	-0.0370  	0.03012  	0.01747  	-0.0236  	-0.0786  	-0.0419  	0.03475  	0.01002  	0.04845  	-0.0062  	-0.0017  	0.01661  	0.00397  	0.03369  	0.00165  	-0.0207  	0.01767  	0.00613  	-0.0365  	0.03460  	0.00908  	0.00260  	0.03145  	-0.0058  	-0.0069  	-0.0242  	0.03589  	-0.0073  	0.02253  	-0.2797  	
0.13228  	0.09725  	0.17287  	0.56139  	-0.0335  	0.48210  	0.10934  	-0.4861  	0.25178  	-0.0543  	0.29838  	0.36397  	0.00069  	-0.4017  	-0.8033  	0.91156  	-0.0655  	0.19427  	-0.2743  	0.33364  	0.18913  	-0.2112  	-0.4510  	0.34974  	-0.2645  	-0.1490  	-0.2995  	-0.3400  	-0.3268  	-0.1571  	-0.1978  	0.27241  	0.28417  	-0.0647  	0.29734  	0.11998  	0.30330  	0.06301  	-0.2505  	0.16190  	-0.0296  	0.02896  	0.01838  	-0.0297  	-0.0835  	-0.0425  	0.03475  	0.00518  	0.04723  	-0.0078  	-7.5525  	0.01919  	0.00164  	0.03202  	0.00237  	-0.0221  	0.01886  	0.00478  	-0.0343  	0.03362  	0.00840  	0.00362  	0.03066  	-0.0054  	-0.0069  	-0.0242  	0.03589  	-0.0073  	0.02253  	-0.2797  	
0.13105  	0.09780  	0.16977  	0.55969  	-0.0352  	0.47891  	0.10988  	-0.4882  	0.25090  	-0.0553  	0.29964  	0.36289  	-0.0010  	-0.4036  	-0.8016  	0.91044  	-0.0650  	0.19415  	-0.2748  	0.33337  	0.19005  	-0.2113  	-0.4510  	0.35104  	-0.2636  	-0.1490  	-0.2988  	-0.3414  	-0.3281  	-0.1582  	-0.1971  	0.27200  	0.28380  	-0.0651  	0.29884  	0.11899  	0.30360  	0.06281  	-0.2519  	0.16176  	-0.0299  	0.02921  	0.01779  	-0.0299  	-0.0839  	-0.0425  	0.03472  	0.00481  	0.04677  	-0.0073  	4.82684  	0.01929  	0.00151  	0.03200  	0.00205  	-0.0220  	0.01909  	0.00467  	-0.0344  	0.03332  	0.00833  	0.00397  	0.03038  	-0.0055  	-0.0069  	-0.0242  	0.03589  	-0.0073  	0.02253  	-0.2797  	
0.13092  	0.09786  	0.17094  	0.55991  	-0.0344  	0.48045  	0.11108  	-0.4874  	0.25020  	-0.0559  	0.29992  	0.35928  	-0.0019  	-0.4055  	-0.7999  	0.90990  	-0.0647  	0.19409  	-0.2741  	0.33495  	0.19026  	-0.2117  	-0.4519  	0.35128  	-0.2616  	-0.1498  	-0.2961  	-0.3418  	-0.3281  	-0.1585  	-0.1983  	0.27302  	0.28289  	-0.0653  	0.29943  	0.11989  	0.30377  	0.06340  	-0.2511  	0.16323  	-0.0315  	0.02907  	0.01731  	-0.0292  	-0.0834  	-0.0426  	0.03475  	0.00489  	0.04694  	-0.0074  	0.00021  	0.01915  	0.00169  	0.03201  	0.00235  	-0.0220  	0.01971  	0.00454  	-0.0345  	0.03345  	0.00830  	0.00385  	0.03067  	-0.0054  	-0.0069  	-0.0242  	0.03589  	-0.0073  	0.02253  	-0.2797  	
0.13614  	0.09775  	0.17549  	0.56301  	-0.0315  	0.48638  	0.11088  	-0.4852  	0.25184  	-0.0565  	0.29594  	0.35898  	0.00123  	-0.4018  	-0.8000  	0.91296  	-0.0656  	0.19358  	-0.2731  	0.33442  	0.18996  	-0.2103  	-0.4526  	0.35251  	-0.2619  	-0.1499  	-0.2942  	-0.3441  	-0.3277  	-0.1553  	-0.1992  	0.27398  	0.28251  	-0.0647  	0.30049  	0.12071  	0.30290  	0.06369  	-0.2503  	0.16443  	-0.0336  	0.03016  	0.01797  	-0.0298  	-0.0836  	-0.0426  	0.03474  	0.00547  	0.04793  	-0.0086  	0.00034  	0.01892  	0.00156  	0.03204  	0.00270  	-0.0219  	0.01942  	0.00472  	-0.0348  	0.03363  	0.00808  	0.00344  	0.03122  	-0.0052  	-0.0069  	-0.0242  	0.03589  	-0.0073  	0.02253  	-0.2797  	
0.14800  	0.09959  	0.17367  	0.58867  	-0.0058  	0.49784  	0.11972  	-0.4874  	0.24419  	-0.0594  	0.25566  	0.34619  	0.01746  	-0.3913  	-0.7947  	0.90945  	-0.0660  	0.20061  	-0.2699  	0.34653  	0.16505  	-0.2051  	-0.4659  	0.35146  	-0.2423  	-0.1499  	-0.2882  	-0.3266  	-0.2925  	-0.1498  	-0.2055  	0.26709  	0.28229  	-0.0661  	0.29708  	0.13502  	0.27431  	0.05016  	-0.2355  	0.17510  	-0.0450  	0.03112  	0.01675  	-0.0277  	-0.0822  	-0.0429  	0.03536  	0.00900  	0.05114  	-0.0076  	0.00583  	0.01752  	0.00127  	0.02877  	0.00385  	-0.0218  	0.02108  	0.00445  	-0.0356  	0.03260  	0.00635  	0.00341  	0.03422  	-0.0062  	-0.0069  	-0.0242  	0.03589  	-0.0073  	0.02253  	-0.2797  	
-0.0365  	0.04225  	0.06693  	0.53003  	0.01220  	0.37085  	0.12041  	-0.6189  	0.19764  	0.00724  	0.24839  	0.35226  	-0.0040  	-0.5287  	-0.9179  	0.84723  	-0.0951  	0.30635  	-0.2923  	0.44448  	0.00903  	-0.2500  	-0.5586  	0.24538  	-0.2244  	-0.1345  	-0.4529  	-0.1022  	-0.1252  	-0.1570  	-0.1992  	0.23125  	0.28089  	-0.0532  	0.20752  	0.21340  	0.13483  	0.00519  	-0.1792  	0.23296  	0.01135  	0.04135  	0.00894  	-0.0338  	-0.0814  	-0.0458  	0.04100  	0.00835  	0.04149  	-0.0104  	0.01655  	0.01893  	0.00183  	0.02436  	0.00262  	-0.0261  	0.02933  	0.00699  	-0.0290  	0.02999  	0.00964  	-0.0079  	0.03224  	-0.0022  	-0.0069  	-0.0242  	0.03589  	-0.0073  	0.02253  	-0.2797  	
-0.1265  	-0.0249  	-0.0225  	0.48072  	0.03837  	0.32412  	0.12123  	-0.6621  	0.17654  	0.04750  	0.20543  	0.32201  	-0.0088  	-0.5758  	-1.0246  	0.83750  	-0.1002  	0.33970  	-0.2877  	0.47715  	-0.1308  	-0.2629  	-0.5910  	0.20672  	-0.2000  	-0.1291  	-0.4848  	-0.0064  	-0.0294  	-0.1398  	-0.1977  	0.23221  	0.27433  	-0.0562  	0.14201  	0.25451  	0.06428  	-0.0164  	-0.1626  	0.24144  	0.05299  	0.02656  	0.02908  	-0.0230  	-0.0799  	-0.0459  	0.04278  	0.00575  	0.04451  	-0.0166  	0.01352  	0.01402  	-0.0041  	0.02234  	0.00688  	-0.0350  	0.03231  	0.00274  	-0.0316  	0.02797  	0.00307  	-0.0073  	0.03636  	0.00044  	-0.0069  	-0.0242  	0.03589  	-0.0073  	0.02253  	-0.2797  	
-0.2471  	-0.0562  	-0.0403  	0.36194  	-0.0467  	0.27878  	0.11851  	-0.6977  	0.15587  	0.05191  	0.22751  	0.26348  	-0.0472  	-0.6740  	-1.0992  	0.80542  	-0.0789  	0.32718  	-0.2758  	0.46672  	-0.1394  	-0.2519  	-0.5863  	0.20128  	-0.1742  	-0.1224  	-0.4520  	-0.0270  	-0.0337  	-0.1369  	-0.2019  	0.22909  	0.24612  	-0.0560  	0.11036  	0.29132  	0.09467  	-0.0043  	-0.1677  	0.22263  	0.06452  	0.02080  	0.03116  	-0.0231  	-0.0726  	-0.0470  	0.03759  	0.00346  	0.04342  	-0.0204  	0.01150  	0.01393  	0.00203  	0.02369  	0.00734  	-0.0371  	0.03455  	0.00929  	-0.0295  	0.02541  	0.00307  	-0.0070  	0.03672  	0.00071  	-0.0069  	-0.0242  	0.03589  	-0.0073  	0.02253  	-0.2797  	
-0.3352  	-0.0770  	-0.0756  	0.28120  	-0.1135  	0.25627  	0.09806  	-0.7327  	0.12623  	0.03424  	0.23675  	0.20825  	-0.0963  	-0.7978  	-1.1311  	0.78163  	-0.0494  	0.30775  	-0.2857  	0.43698  	-0.1380  	-0.2403  	-0.5064  	0.21156  	-0.1720  	-0.1175  	-0.4193  	-0.0421  	-0.0341  	-0.1456  	-0.1860  	0.23819  	0.21843  	-0.0538  	0.08846  	0.28598  	0.09111  	0.00183  	-0.1609  	0.23248  	0.06788  	0.02620  	0.03087  	-0.0152  	-0.0696  	-0.0490  	0.03845  	-0.0143  	0.03848  	-0.0125  	0.00969  	0.01768  	-0.0016  	0.02849  	0.00845  	-0.0350  	0.03017  	0.00573  	-0.0259  	0.03106  	0.00093  	-0.0032  	0.03258  	-0.0039  	-0.0069  	-0.0242  	0.03589  	-0.0073  	0.02253  	-0.2797  	
-0.2874  	-0.0666  	-0.0729  	0.30966  	-0.0839  	0.27703  	0.09127  	-0.7330  	0.13916  	0.04333  	0.20792  	0.26341  	-0.0537  	-0.7660  	-1.1137  	0.78927  	-0.0712  	0.30862  	-0.2721  	0.44059  	-0.1618  	-0.2401  	-0.5034  	0.18571  	-0.2041  	-0.1017  	-0.4696  	0.01918  	-0.0205  	-0.1577  	-0.1838  	0.21994  	0.23917  	-0.0503  	0.07696  	0.28698  	0.07233  	-0.0114  	-0.1570  	0.23815  	0.06237  	0.03028  	0.03732  	-0.0170  	-0.0771  	-0.0485  	0.03819  	-0.0034  	0.03580  	-0.0110  	0.01278  	0.01493  	-0.0011  	0.02198  	0.00820  	-0.0380  	0.03143  	0.00562  	-0.0253  	0.02535  	0.00289  	-0.0022  	0.03419  	0.00043  	-0.0069  	-0.0242  	0.03589  	-0.0073  	0.02253  	-0.2797  	
-0.2700  	-0.0418  	-0.0123  	0.35149  	-0.0603  	0.24012  	0.08968  	-0.6424  	0.14959  	0.04504  	0.21089  	0.27708  	0.01539  	-0.7456  	-1.0604  	0.75016  	-0.0229  	0.20603  	-0.2140  	0.27394  	-0.1134  	-0.4215  	-0.7735  	0.17868  	-0.2696  	-0.0281  	-0.5103  	-0.0537  	0.05783  	-0.1731  	-0.0944  	0.17072  	0.18595  	-0.1818  	0.03091  	0.25671  	-0.0085  	-0.0116  	-0.2484  	0.17326  	0.14561  	0.13469  	-0.0542  	0.05203  	-0.1283  	-0.0322  	0.01980  	0.01700  	0.02926  	-0.0264  	0.01631  	0.01943  	0.00030  	0.03719  	0.01517  	-0.0420  	0.03183  	-0.0056  	-0.0318  	0.03474  	0.00764  	-0.0063  	0.02075  	0.00323  	-0.0069  	-0.0242  	0.03589  	-0.0073  	0.02253  	-0.2797  	
-0.2733  	-0.0449  	-0.0164  	0.37872  	-0.0420  	0.24615  	0.03336  	-0.6431  	0.10417  	0.00373  	0.21184  	0.29859  	0.01678  	-0.8377  	-1.0071  	0.70389  	0.05911  	0.07824  	-0.1627  	0.07086  	-0.0434  	-0.5884  	-0.9220  	0.20033  	-0.2897  	0.03616  	-0.4561  	-0.1409  	0.10976  	-0.1748  	-0.0165  	0.15876  	0.09888  	-0.2840  	-0.0164  	0.24602  	-0.0569  	-0.0094  	-0.3252  	0.11491  	0.16997  	0.20751  	-0.1333  	0.09956  	-0.1628  	-0.0193  	0.00157  	0.01888  	0.01337  	-0.0304  	0.02230  	0.02212  	0.00227  	0.04518  	0.01654  	-0.0395  	0.02966  	-0.0092  	-0.0274  	0.03832  	0.01204  	-0.0128  	0.01434  	-0.0019  	-0.0069  	-0.0242  	0.03589  	-0.0073  	0.02253  	-0.2797  	
-0.2521  	-0.0469  	-0.0039  	0.43352  	-0.0203  	0.24576  	0.02689  	-0.6162  	0.10021  	-0.0433  	0.16791  	0.31212  	0.03410  	-0.8252  	-0.9124  	0.68120  	0.08259  	0.04861  	-0.1612  	0.02022  	-0.0361  	-0.5929  	-0.9302  	0.19105  	-0.2892  	0.05508  	-0.4408  	-0.1607  	0.10633  	-0.1694  	-0.0007  	0.14749  	0.07900  	-0.3175  	-0.0205  	0.23750  	-0.0717  	0.00029  	-0.3519  	0.10413  	0.16900  	0.23971  	-0.1597  	0.11029  	-0.1751  	-0.0174  	-0.0017  	0.02249  	0.01171  	-0.0344  	0.02280  	0.02590  	0.00204  	0.04965  	0.01926  	-0.0387  	0.03178  	-0.0114  	-0.0249  	0.04056  	0.01034  	-0.0095  	0.01292  	-0.0003  	-0.0069  	-0.0242  	0.03589  	-0.0073  	0.02253  	-0.2797  	
-0.0468  	0.02494  	0.07528  	0.63539  	0.11328  	0.34748  	0.07699  	-0.5294  	0.16210  	-4.1734  	0.08888  	0.39121  	0.09806  	-0.6083  	-0.8233  	0.76811  	0.02309  	0.08003  	-0.1689  	0.11771  	-0.0114  	-0.5470  	-0.9958  	0.24296  	-0.2629  	0.00488  	-0.4306  	-0.1606  	0.08935  	-0.1505  	-0.0464  	0.16012  	0.12852  	-0.2824  	0.06093  	0.22020  	-0.0653  	-0.0126  	-0.3067  	0.15682  	0.11364  	0.22713  	-0.1510  	0.09379  	-0.1629  	-0.0134  	-0.0040  	0.03300  	0.02119  	-0.0321  	0.02705  	0.02247  	0.00202  	0.05294  	0.01584  	-0.0346  	0.02787  	-0.0138  	-0.0277  	0.04217  	0.01037  	-0.0092  	0.00938  	-0.0042  	-0.0069  	-0.0242  	0.03589  	-0.0073  	0.02253  	-0.2797  	
0.04952  	0.04178  	0.08704  	0.74139  	0.16724  	0.40700  	0.10883  	-0.5551  	0.19172  	0.03638  	0.07754  	0.38964  	0.08132  	-0.5066  	-0.7799  	0.82005  	-0.0410  	0.17700  	-0.2299  	0.26608  	-0.0184  	-0.4077  	-0.8269  	0.25292  	-0.1922  	-0.0517  	-0.4326  	-0.1186  	0.03682  	-0.1208  	-0.1370  	0.19881  	0.19967  	-0.1835  	0.12373  	0.22119  	-0.0029  	-0.0122  	-0.2331  	0.20396  	0.06430  	0.13736  	-0.0631  	0.04028  	-0.1297  	-0.0328  	0.01584  	0.03442  	0.03946  	-0.0265  	0.02287  	0.01718  	-0.0016  	0.04280  	0.01244  	-0.0332  	0.02924  	-0.0088  	-0.0273  	0.03912  	0.00148  	-0.0121  	0.02472  	-0.0091  	-0.0069  	-0.0242  	0.03589  	-0.0073  	0.02253  	-0.2797  	
0.08928  	0.04193  	0.03087  	0.81891  	0.21841  	0.49540  	0.13391  	-0.5968  	0.17556  	0.00162  	-0.0049  	0.36600  	0.09085  	-0.3643  	-0.7564  	0.85386  	-0.0983  	0.28073  	-0.2740  	0.40687  	-0.0523  	-0.1507  	-0.6121  	0.28955  	-0.1208  	-0.1669  	-0.3637  	-0.1318  	-0.0629  	-0.0734  	-0.2282  	0.23020  	0.25919  	-0.0579  	0.22399  	0.21513  	0.10402  	-0.0142  	-0.1415  	0.26661  	-0.0236  	0.04466  	0.02442  	-0.0270  	-0.0831  	-0.0460  	0.02907  	0.01639  	0.06222  	-0.0195  	0.01296  	0.01265  	-0.0048  	0.02317  	0.00720  	-0.0269  	0.02596  	0.00178  	-0.0258  	0.03418  	-0.0020  	-0.0002  	0.02620  	-0.0063  	-0.0069  	-0.0242  	0.03589  	-0.0073  	0.02253  	-0.2797  	
-0.1373  	-0.0173  	-0.0208  	0.56974  	0.10610  	0.33197  	0.14780  	-0.6267  	0.16580  	0.04104  	0.14333  	0.34898  	0.00641  	-0.4656  	-0.9105  	0.77494  	-0.1040  	0.29812  	-0.3028  	0.47892  	-0.0393  	-0.2065  	-0.5971  	0.30602  	-0.1619  	-0.1429  	-0.4155  	-0.0602  	-0.0577  	-0.1420  	-0.2123  	0.21421  	0.26845  	-0.0616  	0.19286  	0.23387  	0.10587  	-0.0253  	-0.1651  	0.27339  	-0.0203  	0.03167  	0.00943  	-0.0212  	-0.0727  	-0.0441  	0.04085  	-0.0020  	0.04741  	-0.0172  	0.01416  	0.01135  	-0.0083  	0.02171  	0.00134  	-0.0364  	0.03408  	0.00694  	-0.0319  	0.03204  	0.00063  	-0.0001  	0.03511  	-0.0031  	-0.0069  	-0.0242  	0.03589  	-0.0073  	0.02253  	-0.2797  	
-0.3402  	-0.1002  	-0.1373  	0.28044  	-0.0255  	0.20969  	0.11680  	-0.7082  	0.12625  	0.07819  	0.27489  	0.29574  	-0.0665  	-0.7042  	-1.1221  	0.75515  	-0.1149  	0.36632  	-0.2657  	0.49257  	-0.1036  	-0.2604  	-0.5817  	0.24588  	-0.1765  	-0.1327  	-0.4410  	-0.0369  	-0.0393  	-0.1500  	-0.1926  	0.22487  	0.24225  	-0.0539  	0.14929  	0.26861  	0.06470  	-0.0223  	-0.1690  	0.25029  	0.01844  	0.02394  	-0.0018  	-0.0283  	-0.0694  	-0.0475  	0.03476  	-0.0135  	0.03174  	-0.0151  	0.01464  	0.01351  	0.00015  	0.01867  	0.00301  	-0.0359  	0.03301  	0.00381  	-0.0299  	0.02999  	0.00404  	-0.0065  	0.03454  	-0.0038  	-0.0069  	-0.0242  	0.03589  	-0.0073  	0.02253  	-0.2797  	
-0.4169  	-0.0870  	-0.1589  	0.31281  	-0.0289  	0.18482  	0.10487  	-0.7141  	0.12662  	0.07005  	0.25646  	0.28578  	-0.0653  	-0.7097  	-1.0959  	0.75959  	-0.0891  	0.33053  	-0.2731  	0.46096  	-0.1593  	-0.2434  	-0.5446  	0.23253  	-0.1906  	-0.1160  	-0.4604  	-0.0216  	-0.0007  	-0.1277  	-0.1793  	0.21107  	0.23632  	-0.0513  	0.10543  	0.28538  	0.04603  	-0.0252  	-0.1508  	0.24550  	0.04391  	0.03253  	0.02225  	-0.0248  	-0.0746  	-0.0461  	0.04110  	-0.0085  	0.04127  	-0.0201  	0.00741  	0.01573  	-0.0028  	0.02523  	0.00571  	-0.0365  	0.02952  	0.00392  	-0.0307  	0.02826  	0.00622  	-0.0020  	0.03121  	-0.0051  	-0.0069  	-0.0242  	0.03589  	-0.0073  	0.02253  	-0.2797  	
-0.2013  	-0.0602  	-0.0235  	0.46468  	0.01587  	0.32390  	0.11494  	-0.6855  	0.14940  	0.03602  	0.14799  	0.31756  	-0.0286  	-0.6496  	-1.0200  	0.82280  	-0.0883  	0.32602  	-0.2758  	0.46782  	-0.1634  	-0.2476  	-0.5856  	0.24110  	-0.1759  	-0.1226  	-0.4354  	0.00682  	-0.0172  	-0.1347  	-0.1949  	0.23691  	0.24613  	-0.0430  	0.11992  	0.29063  	0.05831  	-0.0152  	-0.1668  	0.25339  	0.02492  	0.01940  	0.02192  	-0.0205  	-0.0824  	-0.0495  	0.03530  	0.00547  	0.04224  	-0.0174  	0.01667  	0.01516  	-0.0034  	0.02404  	0.00711  	-0.0347  	0.03537  	0.00271  	-0.0316  	0.02730  	0.00324  	-0.0077  	0.03408  	-0.0038  	-0.0069  	-0.0242  	0.03589  	-0.0073  	0.02253  	-0.2797  	
-0.1163  	-0.0407  	0.01861  	0.52833  	0.09379  	0.31137  	0.15738  	-0.7189  	0.13551  	0.09595  	0.14443  	0.32730  	-0.0307  	-0.6833  	-1.0510  	0.91142  	-0.1173  	0.34978  	-0.2857  	0.52351  	-0.2366  	-0.2429  	-0.6607  	0.21886  	-0.1524  	-0.1308  	-0.4754  	0.06258  	0.01871  	-0.1246  	-0.2002  	0.22665  	0.23510  	-0.0409  	0.12847  	0.33216  	0.01452  	-0.0334  	-0.1331  	0.26976  	0.03678  	0.02886  	0.02405  	-0.0235  	-0.0739  	-0.0457  	0.03745  	0.01020  	0.05134  	-0.0146  	0.02559  	0.01635  	0.00276  	0.01844  	0.01065  	-0.0369  	0.03722  	0.00541  	-0.0317  	0.03025  	-0.0018  	-0.0106  	0.03178  	-0.0053  	-0.0069  	-0.0242  	0.03589  	-0.0073  	0.02253  	-0.2797  	
-0.0004  	-0.0334  	0.04703  	0.56505  	0.09279  	0.39171  	0.14055  	-0.6944  	0.14533  	0.09520  	0.14167  	0.32669  	-0.0373  	-0.6448  	-1.0274  	0.95645  	-0.1374  	0.32417  	-0.2873  	0.51114  	-0.1581  	-0.2386  	-0.6539  	0.26142  	-0.1421  	-0.1439  	-0.3945  	-0.0178  	-0.0166  	-0.1081  	-0.2174  	0.25526  	0.23297  	-0.0458  	0.18015  	0.34170  	0.05361  	-0.0205  	-0.1795  	0.28067  	0.01601  	0.03919  	0.01937  	-0.0118  	-0.0830  	-0.0470  	0.03732  	0.01316  	0.05006  	-0.0196  	0.01893  	0.00887  	-0.0010  	0.01926  	0.01046  	-0.0355  	0.04373  	0.00965  	-0.0283  	0.03220  	-0.0053  	-0.0119  	0.03609  	-0.0046  	-0.0069  	-0.0242  	0.03589  	-0.0073  	0.02253  	-0.2797  	
0.08176  	-0.0269  	0.12299  	0.68748  	0.13852  	0.41294  	0.11423  	-0.6406  	0.13898  	0.08202  	0.17753  	0.32027  	-0.0297  	-0.5829  	-0.9427  	0.95037  	-0.1336  	0.29947  	-0.2774  	0.48542  	-0.0727  	-0.2224  	-0.6639  	0.33286  	-0.1501  	-0.1619  	-0.3307  	-0.1023  	-0.1308  	-0.1328  	-0.2443  	0.28662  	0.24485  	-0.0774  	0.24840  	0.28234  	0.12415  	-0.0283  	-0.1829  	0.26778  	-0.0234  	0.05904  	0.01494  	-0.0234  	-0.0787  	-0.0444  	0.03632  	0.00935  	0.06786  	-0.0255  	0.02632  	0.00984  	0.00274  	0.01794  	0.00712  	-0.0350  	0.03861  	0.00411  	-0.0360  	0.03814  	-0.0038  	-0.0078  	0.03252  	-0.0059  	-0.0069  	-0.0242  	0.03589  	-0.0073  	0.02253  	-0.2797  	
0.20847  	0.03970  	0.13647  	0.67213  	0.17240  	0.44676  	0.15492  	-0.5963  	0.17242  	0.05911  	0.19173  	0.40341  	0.01927  	-0.5116  	-0.9768  	0.98676  	-0.1594  	0.31124  	-0.2829  	0.48826  	-0.0682  	-0.1838  	-0.6872  	0.27765  	-0.0559  	-0.1779  	-0.3847  	-0.0841  	-0.0469  	-0.0723  	-0.2176  	0.23943  	0.22773  	-0.0494  	0.24011  	0.30049  	0.09651  	-0.0289  	-0.1556  	0.22669  	-0.0075  	0.04610  	0.02603  	-0.0195  	-0.0865  	-0.0511  	0.02934  	0.01139  	0.06628  	-0.0261  	0.03012  	0.01267  	0.01393  	0.02459  	0.00916  	-0.0256  	0.03450  	0.00295  	-0.0311  	0.03140  	-0.0072  	-0.0001  	0.04151  	-0.0075  	-0.0069  	-0.0242  	0.03589  	-0.0073  	0.02253  	-0.2797  	
0.05738  	0.01876  	0.08862  	0.70338  	0.12165  	0.41673  	0.13000  	-0.6241  	0.18892  	0.04805  	0.15246  	0.40237  	0.07281  	-0.3919  	-0.9615  	0.88914  	-0.1175  	0.29651  	-0.2955  	0.48887  	-0.0859  	-0.2145  	-0.6720  	0.32024  	-0.1027  	-0.1453  	-0.3844  	-0.1091  	-0.1151  	-0.0897  	-0.2150  	0.24081  	0.25836  	-0.0503  	0.22820  	0.26143  	0.09782  	-0.0350  	-0.1569  	0.24034  	-0.0068  	0.05263  	0.01727  	-0.0301  	-0.0844  	-0.0464  	0.03998  	0.01412  	0.04812  	-0.0189  	0.01418  	0.01399  	0.00070  	0.03103  	-0.0017  	-0.0332  	0.03537  	0.00093  	-0.0302  	0.03289  	0.00237  	-0.0108  	0.03542  	-0.0123  	-0.0069  	-0.0242  	0.03589  	-0.0073  	0.02253  	-0.2797  	
-0.3477  	-0.0451  	-0.1893  	0.46074  	0.11983  	0.10615  	0.12165  	-0.6938  	0.14418  	0.09024  	0.31027  	0.35969  	-0.0174  	-0.5581  	-0.9989  	0.71221  	-0.1445  	0.33216  	-0.2802  	0.53840  	-0.0640  	-0.2623  	-0.6516  	0.31650  	-0.1774  	-0.1408  	-0.4545  	-0.0702  	-0.0948  	-0.1712  	-0.1946  	0.19531  	0.28734  	-0.0410  	0.22774  	0.24764  	0.08904  	-0.0377  	-0.1666  	0.25000  	-0.0222  	0.04201  	-0.0352  	-0.0414  	-0.0704  	-0.0398  	0.04508  	-0.0051  	0.03392  	-0.0088  	0.01924  	0.01504  	0.00216  	0.02569  	0.00149  	-0.0307  	0.03856  	-0.0017  	-0.0349  	0.03375  	0.00412  	-0.0039  	0.02421  	-0.0071  	-0.0069  	-0.0242  	0.03589  	-0.0073  	0.02253  	-0.2797  	
-0.4918  	-0.1266  	-0.1862  	0.23281  	-0.0327  	0.08407  	0.08473  	-0.7027  	0.13342  	0.11958  	0.39095  	0.28678  	-0.0762  	-0.6930  	-1.1286  	0.71195  	-0.1072  	0.31935  	-0.2661  	0.50855  	-0.0598  	-0.2564  	-0.5676  	0.24674  	-0.2283  	-0.1153  	-0.4443  	-0.0324  	-0.0774  	-0.1710  	-0.2000  	0.22216  	0.25493  	-0.0524  	0.15582  	0.25856  	0.08586  	-0.0157  	-0.1788  	0.21362  	-0.0057  	0.02827  	-0.0097  	-0.0373  	-0.0678  	-0.0429  	0.03999  	-0.0261  	0.03288  	-0.0168  	0.01135  	0.01260  	-0.0001  	0.02782  	0.00373  	-0.0368  	0.03263  	0.00486  	-0.0300  	0.03548  	0.00493  	-0.0049  	0.03111  	-0.0030  	-0.0069  	-0.0242  	0.03589  	-0.0073  	0.02253  	-0.2797  	
-0.4466  	-0.1039  	-0.0914  	0.15625  	-0.1072  	0.17725  	0.13115  	-0.7322  	0.13848  	0.13319  	0.30035  	0.23411  	-0.0495  	-0.7069  	-1.1482  	0.72862  	-0.0605  	0.30954  	-0.2849  	0.47041  	-0.1327  	-0.2350  	-0.5268  	0.22952  	-0.1822  	-0.1084  	-0.4538  	-0.0503  	-0.0331  	-0.1577  	-0.1667  	0.21069  	0.24437  	-0.0515  	0.08712  	0.28509  	0.06220  	-0.0206  	-0.1535  	0.22453  	0.05167  	0.02816  	0.02013  	-0.0253  	-0.0699  	-0.0443  	0.04049  	-0.0022  	0.03821  	-0.0142  	0.00682  	0.01684  	-0.0007  	0.02707  	0.00658  	-0.0386  	0.02987  	0.00298  	-0.0254  	0.03263  	0.00538  	-0.0033  	0.03249  	-0.0034  	-0.0069  	-0.0242  	0.03589  	-0.0073  	0.02253  	-0.2797  	
-0.2833  	-0.0722  	-0.0416  	0.34943  	-0.0303  	0.29106  	0.11184  	-0.6863  	0.16511  	0.03897  	0.15620  	0.28904  	-0.0157  	-0.6868  	-1.0306  	0.80282  	-0.0677  	0.33274  	-0.2789  	0.44475  	-0.2008  	-0.2303  	-0.5608  	0.21870  	-0.1812  	-0.1069  	-0.4484  	-0.0014  	-0.0158  	-0.1535  	-0.1769  	0.23426  	0.26658  	-0.0446  	0.07466  	0.27847  	0.03880  	-0.0211  	-0.1429  	0.26169  	0.06285  	0.01566  	0.03845  	-0.0163  	-0.0788  	-0.0464  	0.04010  	0.00389  	0.04060  	-0.0150  	0.01225  	0.01531  	-0.0013  	0.02167  	0.00379  	-0.0401  	0.02814  	0.00456  	-0.0301  	0.03172  	0.00686  	0.00060  	0.04105  	-0.0033  	-0.0069  	-0.0242  	0.03589  	-0.0073  	0.02253  	-0.2797  	
-0.1172  	-0.0245  	0.03609  	0.46438  	0.02336  	0.30012  	0.13683  	-0.6634  	0.16566  	0.11888  	0.16759  	0.34832  	-0.0165  	-0.6628  	-1.0155  	0.88065  	-0.1262  	0.34885  	-0.2926  	0.50533  	-0.2280  	-0.2397  	-0.6015  	0.17396  	-0.2092  	-0.1225  	-0.5230  	0.05073  	0.01167  	-0.1385  	-0.1878  	0.23152  	0.26086  	-0.0356  	0.10941  	0.28967  	0.01441  	-0.0166  	-0.1301  	0.26786  	0.05789  	0.02544  	0.03529  	-0.0187  	-0.0865  	-0.0524  	0.04265  	0.00870  	0.05137  	-0.0181  	0.01766  	0.01415  	0.00092  	0.02249  	0.01112  	-0.0417  	0.03563  	0.00409  	-0.0311  	0.03056  	-0.0005  	-0.0014  	0.03940  	0.00071  	-0.0069  	-0.0242  	0.03589  	-0.0073  	0.02253  	-0.2797  	
-0.0762  	-0.0387  	0.08719  	0.38417  	-0.0422  	0.27701  	0.15306  	-0.7237  	0.15178  	0.13264  	0.21130  	0.31170  	-0.0239  	-0.6975  	-1.1087  	0.90093  	-0.1293  	0.38282  	-0.2984  	0.55256  	-0.2615  	-0.2677  	-0.6700  	0.12042  	-0.2031  	-0.1409  	-0.5514  	0.05795  	0.02996  	-0.1207  	-0.1859  	0.22381  	0.25254  	-0.0286  	0.10667  	0.34490  	0.01146  	-0.0186  	-0.1266  	0.26870  	0.05967  	0.01939  	0.03382  	-0.0326  	-0.0816  	-0.0502  	0.03860  	0.00689  	0.05318  	-0.0189  	0.02066  	0.01475  	0.00087  	0.02343  	0.01288  	-0.0361  	0.03495  	0.00535  	-0.0358  	0.02541  	0.00143  	-0.0032  	0.04119  	-0.0039  	-0.0069  	-0.0242  	0.03589  	-0.0073  	0.02253  	-0.2797  	
-0.2029  	-0.0522  	-0.0217  	0.31838  	-0.0705  	0.22827  	0.14691  	-0.7588  	0.11625  	0.13569  	0.15732  	0.20498  	0.00158  	-0.6814  	-1.1497  	0.82980  	-0.1362  	0.35249  	-0.3097  	0.50473  	-0.2461  	-0.2448  	-0.6417  	0.17360  	-0.1421  	-0.1174  	-0.5158  	0.06384  	0.04138  	-0.1163  	-0.1811  	0.22973  	0.24338  	-0.0381  	0.10380  	0.37152  	-0.0034  	-0.0346  	-0.1289  	0.26902  	0.06165  	0.03365  	0.03237  	-0.0316  	-0.0733  	-0.0508  	0.03800  	-0.0024  	0.04501  	-0.0217  	0.02315  	0.01771  	-0.0022  	0.02341  	0.01009  	-0.0416  	0.03281  	0.00717  	-0.0298  	0.02653  	0.00027  	-0.0063  	0.03619  	-0.0029  	-0.0069  	-0.0242  	0.03589  	-0.0073  	0.02253  	-0.2797  	
-0.4385  	-0.1096  	-0.1356  	0.28828  	-0.0620  	0.13010  	0.11505  	-0.7497  	0.12922  	0.10571  	0.28186  	0.25626  	-0.0572  	-0.6970  	-1.1040  	0.76022  	-0.0937  	0.33397  	-0.2677  	0.49235  	-0.1323  	-0.2707  	-0.5908  	0.23533  	-0.1251  	-0.1368  	-0.4344  	-0.0306  	-0.0654  	-0.1433  	-0.1858  	0.23757  	0.23697  	-0.0407  	0.15862  	0.31986  	0.08154  	-0.0162  	-0.1786  	0.22063  	0.02425  	0.03295  	-0.0037  	-0.0259  	-0.0659  	-0.0524  	0.03461  	-0.0200  	0.03570  	-0.0163  	0.01353  	0.01297  	0.00183  	0.02838  	0.00872  	-0.0334  	0.03314  	0.00898  	-0.0218  	0.03540  	0.00439  	-0.0034  	0.04374  	-0.0002  	-0.0069  	-0.0242  	0.03589  	-0.0073  	0.02253  	-0.2797  	
-0.4479  	-0.1363  	-0.1361  	0.22794  	-0.1015  	0.13499  	0.10780  	-0.7370  	0.12882  	0.09851  	0.33793  	0.23590  	-0.0771  	-0.6859  	-1.0597  	0.69375  	-0.0664  	0.26811  	-0.3028  	0.45083  	-0.0581  	-0.2767  	-0.5258  	0.24645  	-0.1989  	-0.1058  	-0.4411  	-0.0976  	-0.0901  	-0.1637  	-0.1820  	0.21705  	0.24737  	-0.0502  	0.14636  	0.26142  	0.12137  	0.00889  	-0.1925  	0.20414  	0.04345  	0.03075  	0.01366  	-0.0249  	-0.0770  	-0.0463  	0.04640  	-0.0134  	0.03168  	-0.0168  	0.00281  	0.01735  	-0.0006  	0.02798  	-1.9631  	-0.0381  	0.02870  	0.00620  	-0.0321  	0.02640  	0.00620  	-0.0022  	0.03410  	-0.0024  	-0.0069  	-0.0242  	0.03589  	-0.0073  	0.02253  	-0.2797  	
-0.3496  	-0.0781  	-0.0667  	0.30443  	-0.0751  	0.25356  	0.09759  	-0.7008  	0.14456  	0.05460  	0.20883  	0.28309  	-0.0323  	-0.7173  	-1.0524  	0.78516  	-0.0434  	0.31022  	-0.2865  	0.45899  	-0.1336  	-0.2197  	-0.4941  	0.20086  	-0.1995  	-0.1018  	-0.4785  	-0.0261  	-0.0337  	-0.1445  	-0.1698  	0.21658  	0.23737  	-0.0544  	0.05764  	0.26284  	0.07051  	-0.0084  	-0.1468  	0.22747  	0.06538  	0.01837  	0.03586  	-0.0240  	-0.0828  	-0.0486  	0.04515  	0.00137  	0.03813  	-0.0083  	0.00962  	0.01730  	-0.0039  	0.02392  	0.00706  	-0.0392  	0.02473  	0.00372  	-0.0263  	0.03177  	0.00587  	0.00082  	0.03558  	-0.0043  	-0.0069  	-0.0242  	0.03589  	-0.0073  	0.02253  	-0.2797  	
-0.2491  	-0.0500  	-0.0529  	0.43058  	0.00531  	0.29783  	0.07436  	-0.6834  	0.14155  	0.04159  	0.21193  	0.32871  	-0.0535  	-0.6547  	-1.0229  	0.78947  	-0.0875  	0.31820  	-0.2617  	0.45686  	-0.0841  	-0.2397  	-0.5420  	0.23677  	-0.2128  	-0.1247  	-0.4337  	-0.0509  	-0.0623  	-0.1428  	-0.1912  	0.23257  	0.25435  	-0.0510  	0.14947  	0.26099  	0.10889  	-0.0067  	-0.1972  	0.23287  	0.02670  	0.02826  	0.01654  	-0.0250  	-0.0742  	-0.0508  	0.03928  	-0.0076  	0.03717  	-0.0136  	0.01262  	0.01297  	-0.0051  	0.02465  	0.00088  	-0.0334  	0.03538  	0.00492  	-0.0299  	0.02756  	0.00239  	-0.0007  	0.03311  	-0.0048  	-0.0069  	-0.0242  	0.03589  	-0.0073  	0.02253  	-0.2797  	
-0.1436  	-0.0238  	-0.0080  	0.44806  	0.04909  	0.32638  	0.10339  	-0.6730  	0.15360  	0.07386  	0.19588  	0.31224  	-0.0378  	-0.6656  	-1.0509  	0.87605  	-0.1224  	0.31129  	-0.2703  	0.47676  	-0.1164  	-0.2548  	-0.5937  	0.21429  	-0.1995  	-0.1362  	-0.4528  	-0.0316  	-0.0542  	-0.1361  	-0.1968  	0.24078  	0.25099  	-0.0524  	0.15700  	0.30239  	0.09520  	-0.0126  	-0.1713  	0.24747  	0.02710  	0.02728  	0.02130  	-0.0203  	-0.0802  	-0.0470  	0.03926  	-0.0023  	0.04246  	-0.0175  	0.01599  	0.01268  	-0.0006  	0.02284  	0.00763  	-0.0342  	0.03525  	0.00561  	-0.0297  	0.03026  	0.00034  	-0.0046  	0.03673  	-0.0050  	-0.0069  	-0.0242  	0.03589  	-0.0073  	0.02253  	-0.2797  	
-0.0812  	-0.0226  	0.06912  	0.43141  	0.00888  	0.32945  	0.13785  	-0.7028  	0.17368  	0.11677  	0.22193  	0.31929  	-0.0411  	-0.7016  	-1.0799  	0.91853  	-0.1286  	0.35463  	-0.2749  	0.53150  	-0.1883  	-0.2608  	-0.6596  	0.17026  	-0.1709  	-0.1453  	-0.4933  	0.04374  	-0.0253  	-0.1289  	-0.1955  	0.23812  	0.24282  	-0.0371  	0.14901  	0.32513  	0.05076  	-0.0188  	-0.1485  	0.26053  	0.03695  	0.02884  	0.02733  	-0.0269  	-0.0820  	-0.0452  	0.03413  	0.00674  	0.04560  	-0.0177  	0.02179  	0.01592  	0.00151  	0.02135  	0.01192  	-0.0317  	0.03555  	0.00562  	-0.0311  	0.02925  	0.00282  	-0.0071  	0.03558  	-0.0023  	-0.0069  	-0.0242  	0.03589  	-0.0073  	0.02253  	-0.2797  	
-0.2161  	-0.0766  	-0.0352  	0.38043  	-0.0558  	0.24378  	0.11597  	-0.7124  	0.12297  	0.08593  	0.25534  	0.25644  	-0.0632  	-0.7298  	-1.1559  	0.86724  	-0.1279  	0.32401  	-0.2675  	0.50151  	-0.1304  	-0.2632  	-0.6399  	0.25508  	-0.1454  	-0.1378  	-0.4220  	-0.0017  	-0.0663  	-0.1333  	-0.1938  	0.25713  	0.24090  	-0.0527  	0.14542  	0.34334  	0.09837  	-0.0164  	-0.1853  	0.25012  	0.00506  	0.02958  	0.00938  	-0.0201  	-0.0728  	-0.0457  	0.03499  	0.00114  	0.04904  	-0.0138  	0.02337  	0.01714  	0.00398  	0.02322  	0.00501  	-0.0374  	0.03366  	0.00545  	-0.0271  	0.03305  	-0.0017  	-0.0088  	0.03360  	-0.0037  	-0.0069  	-0.0242  	0.03589  	-0.0073  	0.02253  	-0.2797  	
-0.2366  	-0.0702  	-0.0994  	0.51062  	0.03645  	0.29969  	0.08034  	-0.6893  	0.14668  	-0.0161  	0.15243  	0.32096  	-0.0246  	-0.6040  	-0.8730  	0.76942  	-0.0783  	0.26286  	-0.2819  	0.42300  	-0.0651  	-0.2204  	-0.5474  	0.28438  	-0.1535  	-0.1399  	-0.3776  	-0.0731  	-0.0971  	-0.1194  	-0.1995  	0.25985  	0.23315  	-0.0637  	0.19174  	0.24786  	0.11875  	-0.0166  	-0.2014  	0.23835  	-0.0099  	0.04382  	-0.0088  	-0.0265  	-0.0736  	-0.0479  	0.03570  	-0.0115  	0.03953  	-0.0148  	0.01357  	0.01486  	-0.0028  	0.02449  	0.00247  	-0.0335  	0.03532  	0.00771  	-0.0262  	0.02734  	0.00376  	-0.0034  	0.03648  	-0.0038  	-0.0069  	-0.0242  	0.03589  	-0.0073  	0.02253  	-0.2797  	
0.12348  	0.08622  	0.17270  	0.63155  	0.03383  	0.51164  	0.15079  	-0.5373  	0.20189  	-0.0024  	0.08599  	0.31882  	0.06082  	-0.3957  	-0.7093  	0.82220  	-0.0992  	0.20326  	-0.2679  	0.34665  	0.09936  	-0.1725  	-0.5168  	0.34138  	-0.1772  	-0.1592  	-0.2667  	-0.3060  	-0.2318  	-0.1237  	-0.2097  	0.26517  	0.25707  	-0.0692  	0.29435  	0.19363  	0.22356  	0.00841  	-0.2233  	0.21937  	-0.0445  	0.05143  	0.01775  	-0.0263  	-0.0876  	-0.0429  	0.02941  	0.01392  	0.05340  	-0.0108  	0.01570  	0.01792  	-0.0042  	0.02089  	0.00447  	-0.0229  	0.02510  	0.00082  	-0.0365  	0.03135  	0.00098  	-0.0018  	0.03229  	-0.0110  	-0.0069  	-0.0242  	0.03589  	-0.0073  	0.02253  	-0.2797  	
0.21830  	0.07688  	0.14378  	0.66869  	0.07418  	0.41109  	0.16968  	-0.5619  	0.21568  	0.00666  	0.17203  	0.33010  	0.03081  	-0.4900  	-0.7922  	0.82646  	-0.0875  	0.20435  	-0.2735  	0.39347  	0.08833  	-0.1723  	-0.5318  	0.36851  	-0.1915  	-0.1578  	-0.3246  	-0.2593  	-0.2323  	-0.1362  	-0.2139  	0.26403  	0.26035  	-0.0615  	0.28263  	0.19535  	0.20897  	0.02701  	-0.2200  	0.23886  	-0.0407  	0.04857  	0.02833  	-0.0162  	-0.0936  	-0.0358  	0.02463  	0.01328  	0.05508  	-0.0156  	0.01907  	0.01837  	-0.0027  	0.02452  	0.00362  	-0.0240  	0.02899  	0.00493  	-0.0337  	0.03053  	0.00105  	0.00385  	0.03897  	-0.0093  	-0.0069  	-0.0242  	0.03589  	-0.0073  	0.02253  	-0.2797  	
0.11564  	-0.0022  	0.15524  	0.59048  	0.05629  	0.41836  	0.09396  	-0.6261  	0.16264  	0.03736  	0.25312  	0.34685  	-0.0213  	-0.6100  	-1.0200  	0.93428  	-0.0925  	0.25708  	-0.2701  	0.45410  	0.03290  	-0.1982  	-0.6219  	0.35044  	-0.1555  	-0.1693  	-0.3429  	-0.1686  	-0.1856  	-0.1266  	-0.2363  	0.25920  	0.23457  	-0.0601  	0.24863  	0.23909  	0.17402  	0.00953  	-0.1979  	0.27319  	-0.0120  	0.02960  	0.02376  	-0.0184  	-0.0841  	-0.0455  	0.03389  	0.01017  	0.05388  	-0.0174  	0.01907  	0.01320  	0.00166  	0.02675  	0.00011  	-0.0323  	0.03380  	0.00223  	-0.0325  	0.03472  	-0.0040  	-0.0148  	0.03418  	-0.0069  	-0.0069  	-0.0242  	0.03589  	-0.0073  	0.02253  	-0.2797  	
-0.2130  	-0.0849  	-0.0239  	0.41058  	-0.0108  	0.34038  	0.13074  	-0.7001  	0.12392  	0.03695  	0.16867  	0.24652  	-0.0893  	-0.6990  	-1.0999  	0.84714  	-0.0833  	0.32660  	-0.2875  	0.47905  	-0.1294  	-0.2382  	-0.6134  	0.28727  	-0.0899  	-0.1451  	-0.3574  	-0.0748  	-0.0240  	-0.1077  	-0.2266  	0.25183  	0.21919  	-0.0628  	0.14946  	0.33452  	0.10424  	-0.0071  	-0.1722  	0.26184  	0.01642  	0.03400  	0.03560  	-0.0170  	-0.0741  	-0.0464  	0.03476  	-0.0081  	0.04028  	-0.0201  	0.01908  	0.01532  	1.83423  	0.02511  	0.01061  	-0.0408  	0.04069  	0.00891  	-0.0247  	0.02787  	-0.0069  	-0.0105  	0.03325  	0.00347  	-0.0069  	-0.0242  	0.03589  	-0.0073  	0.02253  	-0.2797  	
-0.2443  	-0.0862  	-0.0762  	0.41125  	-0.0595  	0.34576  	0.10082  	-0.7122  	0.10940  	-0.0034  	0.13384  	0.23789  	-0.0841  	-0.7747  	-1.0675  	0.78763  	-0.0710  	0.29873  	-0.2692  	0.44444  	-0.1615  	-0.2501  	-0.5561  	0.24480  	-0.1043  	-0.1420  	-0.3442  	-0.0307  	0.00606  	-0.1123  	-0.2262  	0.25536  	0.20352  	-0.0606  	0.11477  	0.32758  	0.08627  	-0.0047  	-0.1707  	0.23462  	0.03472  	0.02402  	0.02354  	-0.0156  	-0.0678  	-0.0494  	0.03135  	-0.0054  	0.03358  	-0.0217  	0.01593  	0.01723  	0.00657  	0.02062  	0.00641  	-0.0394  	0.04260  	0.00445  	-0.0272  	0.02817  	0.00506  	-0.0217  	0.03913  	0.00304  	-0.0069  	-0.0242  	0.03589  	-0.0073  	0.02253  	-0.2797  	
-0.0941  	-0.0425  	-0.0548  	0.74654  	0.11445  	0.42706  	0.07772  	-0.6596  	0.11967  	-0.0362  	0.02612  	0.35529  	-0.0484  	-0.5701  	-0.8637  	0.81738  	-0.0813  	0.30030  	-0.2518  	0.47324  	-0.1510  	-0.2058  	-0.5885  	0.31700  	-0.1118  	-0.1423  	-0.3483  	-0.0114  	-0.0214  	-0.0794  	-0.2581  	0.24431  	0.22377  	-0.0611  	0.17727  	0.28546  	0.07471  	-0.0268  	-0.1648  	0.24187  	-0.0274  	0.03297  	-0.0069  	-0.0164  	-0.0624  	-0.0403  	0.02918  	-0.0079  	0.04731  	-0.0213  	0.02620  	0.00857  	-0.0053  	0.01573  	0.01011  	-0.0268  	0.04335  	0.00494  	-0.0197  	0.02879  	-0.0016  	-0.0097  	0.03047  	-0.0063  	-0.0069  	-0.0242  	0.03589  	-0.0073  	0.02253  	-0.2797  	
0.06765  	0.02976  	-0.0049  	0.90133  	0.25219  	0.50653  	0.13261  	-0.6221  	0.19405  	0.05123  	-0.0068  	0.40012  	0.08484  	-0.3971  	-0.7204  	0.87159  	-0.1154  	0.30847  	-0.2646  	0.47187  	-0.1728  	-0.1715  	-0.6341  	0.25539  	-0.0817  	-0.1429  	-0.4331  	-0.0052  	0.04468  	-0.0572  	-0.2435  	0.22477  	0.25063  	-0.0348  	0.17584  	0.25551  	-0.0086  	-0.0478  	-0.1036  	0.26771  	-0.0213  	0.01827  	0.01464  	-0.0288  	-0.0688  	-0.0427  	0.02641  	0.01558  	0.06267  	-0.0246  	0.02728  	0.01148  	0.00105  	0.01507  	0.00891  	-0.0261  	0.02292  	0.00614  	-0.0236  	0.03072  	-0.0003  	-0.0109  	0.02840  	-0.0057  	-0.0069  	-0.0242  	0.03589  	-0.0073  	0.02253  	-0.2797  	
0.00799  	0.02507  	-0.0182  	0.85213  	0.23353  	0.41688  	0.12271  	-0.6235  	0.18140  	-0.0240  	-0.0706  	0.39654  	0.07657  	-0.3724  	-0.7183  	0.79155  	-0.0981  	0.29374  	-0.2735  	0.41550  	-0.1290  	-0.1710  	-0.5863  	0.26769  	-0.1163  	-0.1572  	-0.3735  	-0.0467  	0.01132  	-0.0517  	-0.2319  	0.22595  	0.26070  	-0.0389  	0.19415  	0.21223  	0.04677  	-0.0257  	-0.1363  	0.27589  	-0.0256  	0.03327  	0.01636  	-0.0182  	-0.0763  	-0.0490  	0.03030  	0.01556  	0.05668  	-0.0175  	0.01996  	0.00950  	-0.0026  	0.02057  	0.00819  	-0.0281  	0.03231  	0.00653  	-0.0254  	0.03261  	-0.0036  	0.00159  	0.02731  	-0.0056  	-0.0069  	-0.0242  	0.03589  	-0.0073  	0.02253  	-0.2797  	
-0.1679  	-0.0159  	-0.0570  	0.49685  	0.08231  	0.34624  	0.14053  	-0.6720  	0.14980  	-0.0067  	0.14869  	0.34167  	-0.0198  	-0.5792  	-0.8736  	0.77545  	-0.0702  	0.32229  	-0.2741  	0.45142  	-0.0430  	-0.2017  	-0.5548  	0.30690  	-0.1823  	-0.1226  	-0.3993  	-0.0748  	-0.0935  	-0.1406  	-0.2081  	0.23354  	0.25353  	-0.0649  	0.17099  	0.23236  	0.11730  	-0.0213  	-0.1778  	0.26520  	-0.0183  	0.03557  	0.01338  	-0.0120  	-0.0714  	-0.0460  	0.03933  	-0.0159  	0.03947  	-0.0075  	0.01627  	0.01199  	-0.0084  	0.02238  	0.00960  	-0.0337  	0.03326  	-0.0001  	-0.0273  	0.03184  	-0.0044  	-0.0014  	0.03104  	-0.0054  	-0.0069  	-0.0242  	0.03589  	-0.0073  	0.02253  	-0.2797  	
-0.1756  	-0.0558  	-0.0421  	0.49020  	-0.0186  	0.34262  	0.11182  	-0.6993  	0.14967  	0.00252  	0.15006  	0.27770  	-0.0528  	-0.6679  	-0.9387  	0.76959  	-0.0826  	0.30889  	-0.2868  	0.44584  	-0.0784  	-0.2226  	-0.5180  	0.25354  	-0.1958  	-0.1163  	-0.4437  	-0.0799  	-0.0703  	-0.1295  	-0.2039  	0.23342  	0.23807  	-0.0582  	0.13590  	0.25410  	0.10633  	-0.0055  	-0.1818  	0.24740  	0.03815  	0.02563  	0.02699  	-0.0185  	-0.0766  	-0.0461  	0.03528  	-0.0093  	0.03982  	-0.0116  	0.01288  	0.01524  	0.00089  	0.02308  	0.00463  	-0.0350  	0.03192  	0.00628  	-0.0257  	0.03152  	-0.0006  	-0.0042  	0.03479  	-0.0028  	-0.0069  	-0.0242  	0.03589  	-0.0073  	0.02253  	-0.2797  	
-0.1087  	-0.0348  	-0.0277  	0.52177  	0.06419  	0.35189  	0.14252  	-0.6921  	0.17274  	0.05005  	0.10905  	0.31514  	0.00454  	-0.6302  	-0.9956  	0.85613  	-0.1048  	0.34238  	-0.2777  	0.48633  	-0.1987  	-0.2010  	-0.6221  	0.20243  	-0.1583  	-0.1323  	-0.4978  	0.04001  	0.03726  	-0.1200  	-0.2098  	0.21991  	0.25145  	-0.0508  	0.11190  	0.30586  	0.02611  	-0.0275  	-0.1301  	0.26351  	0.04878  	0.02519  	0.03959  	-0.0203  	-0.0788  	-0.0453  	0.03518  	0.00803  	0.04708  	-0.0069  	0.01923  	0.01248  	-0.0023  	0.02125  	0.01083  	-0.0373  	0.03686  	0.00467  	-0.0291  	0.03004  	-0.0020  	-0.0096  	0.03200  	-0.0022  	-0.0069  	-0.0242  	0.03589  	-0.0073  	0.02253  	-0.2797  	
-0.0119  	-0.0034  	-0.0054  	0.66079  	0.15293  	0.39035  	0.13262  	-0.6592  	0.17615  	0.05285  	0.12681  	0.34426  	0.01275  	-0.5550  	-0.9528  	0.87830  	-0.1050  	0.32969  	-0.2879  	0.53008  	-0.1209  	-0.2342  	-0.6641  	0.25369  	-0.1311  	-0.1460  	-0.4281  	0.03501  	-0.0262  	-0.1041  	-0.2383  	0.24819  	0.26143  	-0.0433  	0.17178  	0.27823  	0.05457  	-0.0284  	-0.1428  	0.27805  	-0.0004  	0.04193  	0.02985  	-0.0257  	-0.0767  	-0.0439  	0.03253  	0.01461  	0.04826  	-0.0248  	0.01870  	0.01501  	-0.0053  	0.02349  	0.00991  	-0.0298  	0.03869  	0.00172  	-0.0283  	0.02939  	0.00094  	-0.0125  	0.03439  	-0.0087  	-0.0069  	-0.0242  	0.03589  	-0.0073  	0.02253  	-0.2797  	
-0.0903  	-0.0290  	-0.1362  	0.80419  	0.26478  	0.41161  	0.12920  	-0.6474  	0.16134  	-0.0093  	0.07299  	0.41498  	0.03805  	-0.4410  	-0.8443  	0.84743  	-0.1139  	0.31047  	-0.2965  	0.52778  	-0.1354  	-0.2118  	-0.7111  	0.28048  	-0.0658  	-0.1389  	-0.4022  	0.06241  	0.02981  	-0.0733  	-0.2369  	0.22271  	0.25246  	-0.0437  	0.18335  	0.30187  	0.00878  	-0.0569  	-0.1226  	0.27926  	-0.0534  	0.06242  	0.00286  	-0.0364  	-0.0663  	-0.0415  	0.02926  	0.00273  	0.05331  	-0.0121  	0.01842  	0.01315  	-0.0041  	0.02186  	0.00660  	-0.0305  	0.04355  	0.00705  	-0.0243  	0.02203  	-0.0011  	-0.0151  	0.02875  	-0.0014  	-0.0069  	-0.0242  	0.03589  	-0.0073  	0.02253  	-0.2797  	
-0.1023  	-0.0187  	-0.1160  	0.84787  	0.24239  	0.41567  	0.11754  	-0.5880  	0.18383  	-0.0475  	-0.0059  	0.43149  	0.06233  	-0.3603  	-0.7002  	0.79502  	-0.1014  	0.29686  	-0.2843  	0.49875  	-0.1173  	-0.2047  	-0.6696  	0.24439  	-0.0904  	-0.1424  	-0.3778  	0.02728  	0.02560  	-0.0459  	-0.2280  	0.20817  	0.25889  	-0.0391  	0.20056  	0.23523  	0.01694  	-0.0440  	-0.1213  	0.27736  	-0.0831  	0.04840  	-0.0034  	-0.0329  	-0.0625  	-0.0521  	0.04191  	0.00127  	0.04885  	-0.0158  	0.01906  	0.01475  	-0.0030  	0.02377  	0.00566  	-0.0310  	0.04028  	0.00529  	-0.0222  	0.03236  	-0.0014  	-0.0101  	0.03046  	-0.0099  	-0.0069  	-0.0242  	0.03589  	-0.0073  	0.02253  	-0.2797  	
-0.0364  	0.02450  	-0.0183  	0.76765  	0.15321  	0.44307  	0.10228  	-0.5959  	0.18938  	-0.0403  	-0.0361  	0.34244  	0.05094  	-0.3975  	-0.6755  	0.77390  	-0.0846  	0.27826  	-0.3073  	0.47347  	-0.0838  	-0.1798  	-0.6155  	0.25727  	-0.1287  	-0.1437  	-0.4007  	-0.0226  	-0.0079  	-0.0650  	-0.2276  	0.21308  	0.27174  	-0.0370  	0.18629  	0.21235  	0.06957  	-0.0382  	-0.1361  	0.25676  	-0.0418  	0.03765  	0.01169  	-0.0222  	-0.0739  	-0.0450  	0.03717  	0.00643  	0.04856  	-0.0210  	0.01596  	0.01157  	-0.0027  	0.02304  	0.00179  	-0.0287  	0.03854  	0.00524  	-0.0276  	0.03054  	4.18685  	-0.0029  	0.02588  	-0.0074  	-0.0069  	-0.0242  	0.03589  	-0.0073  	0.02253  	-0.2797  	
0.06385  	0.07720  	0.13644  	0.70308  	0.10027  	0.50508  	0.12337  	-0.5367  	0.20721  	-0.0368  	0.03529  	0.33650  	0.03336  	-0.3700  	-0.6514  	0.82993  	-0.0751  	0.24113  	-0.2880  	0.43941  	0.05580  	-0.1674  	-0.5402  	0.32480  	-0.1656  	-0.1538  	-0.3599  	-0.1526  	-0.1089  	-0.1118  	-0.2208  	0.23562  	0.27078  	-0.0508  	0.22498  	0.18309  	0.15577  	-0.0057  	-0.1649  	0.24230  	-0.0310  	0.04049  	0.00815  	-0.0208  	-0.0765  	-0.0449  	0.03267  	0.01375  	0.05126  	-0.0137  	0.01516  	0.01297  	0.00036  	0.02338  	0.00273  	-0.0223  	0.03220  	0.00692  	-0.0248  	0.03074  	0.00314  	0.00430  	0.03063  	-0.0030  	-0.0069  	-0.0242  	0.03589  	-0.0073  	0.02253  	-0.2797  	
0.15724  	0.10827  	0.20331  	0.62540  	0.05534  	0.51344  	0.13100  	-0.5306  	0.21154  	0.00632  	0.14920  	0.32173  	-0.0021  	-0.4106  	-0.7681  	0.90339  	-0.0817  	0.22194  	-0.2607  	0.39244  	0.11630  	-0.1883  	-0.5269  	0.32611  	-0.1658  	-0.1563  	-0.2967  	-0.2719  	-0.2200  	-0.1279  	-0.2278  	0.27193  	0.26685  	-0.0554  	0.26501  	0.16884  	0.22482  	0.02635  	-0.1941  	0.20588  	-0.0427  	0.03380  	0.01398  	-0.0167  	-0.0716  	-0.0423  	0.02639  	0.02375  	0.05612  	-0.0069  	0.00607  	0.01549  	0.00237  	0.02693  	0.00753  	-0.0189  	0.02697  	0.00426  	-0.0338  	0.03589  	0.00309  	0.00096  	0.03400  	-0.0089  	-0.0069  	-0.0242  	0.03589  	-0.0073  	0.02253  	-0.2797  	
0.27329  	0.06948  	0.26031  	0.57387  	-0.0099  	0.46240  	0.15236  	-0.5026  	0.26103  	0.01496  	0.25146  	0.39715  	0.01158  	-0.4489  	-0.9099  	1.00970  	-0.0905  	0.24213  	-0.2523  	0.41627  	0.12841  	-0.1929  	-0.5400  	0.28147  	-0.1874  	-0.1668  	-0.3713  	-0.2743  	-0.2253  	-0.1464  	-0.2246  	0.27547  	0.29258  	-0.0488  	0.23947  	0.15665  	0.24457  	0.04376  	-0.1949  	0.20630  	-0.0219  	0.03119  	0.04656  	-0.0132  	-0.0719  	-0.0413  	0.02329  	0.02809  	0.06168  	-0.0152  	0.00954  	0.01550  	0.00016  	0.02456  	0.00494  	-0.0202  	0.02227  	0.00279  	-0.0320  	0.03170  	0.00115  	-0.0043  	0.03214  	-0.0096  	-0.0069  	-0.0242  	0.03589  	-0.0073  	0.02253  	-0.2797  	
0.16207  	0.06331  	0.16058  	0.65297  	0.08928  	0.46441  	0.16990  	-0.5380  	0.23187  	0.04681  	0.19031  	0.42930  	0.04164  	-0.3283  	-0.8440  	0.94181  	-0.0954  	0.23274  	-0.2726  	0.45033  	0.07585  	-0.1930  	-0.5985  	0.26883  	-0.1395  	-0.1713  	-0.3478  	-0.1964  	-0.1700  	-0.1332  	-0.2279  	0.24309  	0.29475  	-0.0590  	0.24005  	0.19907  	0.18762  	0.00429  	-0.1742  	0.25800  	-0.0217  	0.02992  	0.02069  	0.00191  	-0.0688  	-0.0463  	0.03550  	0.02207  	0.06545  	-0.0135  	0.01740  	0.01270  	-0.0007  	0.02785  	0.00234  	-0.0261  	0.02555  	-3.1891  	-0.0347  	0.03709  	0.00270  	-0.0008  	0.03876  	-0.0037  	-0.0069  	-0.0242  	0.03589  	-0.0073  	0.02253  	-0.2797  	
-0.1916  	-0.0388  	-0.0905  	0.69634  	0.16942  	0.26273  	0.15335  	-0.6712  	0.14561  	0.08281  	0.26639  	0.44738  	0.02355  	-0.4294  	-0.8843  	0.82528  	-0.1417  	0.29740  	-0.3043  	0.55379  	-0.0509  	-0.2050  	-0.6108  	0.31161  	-0.2053  	-0.1542  	-0.4489  	-0.0788  	-0.1121  	-0.1214  	-0.1936  	0.20973  	0.28215  	-0.0531  	0.23051  	0.23690  	0.10786  	-0.0261  	-0.1735  	0.22126  	-0.0069  	0.03059  	-0.0162  	-0.0410  	-0.0804  	-0.0365  	0.03731  	0.00194  	0.04523  	-0.0145  	0.01610  	0.01061  	-0.0021  	0.02012  	0.00297  	-0.0295  	0.03330  	0.00442  	-0.0309  	0.02611  	0.01158  	-0.0016  	0.03212  	-0.0112  	-0.0069  	-0.0242  	0.03589  	-0.0073  	0.02253  	-0.2797  	
-0.3503  	-0.0717  	-0.1245  	0.32388  	0.03069  	0.21592  	0.12267  	-0.6996  	0.13167  	0.06463  	0.30800  	0.32696  	-0.0514  	-0.6638  	-1.0661  	0.71663  	-0.1089  	0.33653  	-0.2889  	0.49580  	-0.0844  	-0.2637  	-0.5699  	0.24777  	-0.2317  	-0.1357  	-0.4314  	-0.0273  	-0.0659  	-0.1504  	-0.2032  	0.22167  	0.26178  	-0.0452  	0.17408  	0.25936  	0.08323  	-0.0242  	-0.1788  	0.23364  	0.00451  	0.02809  	-0.0167  	-0.0368  	-0.0666  	-0.0436  	0.04172  	-0.0222  	0.03649  	-0.0112  	0.01490  	0.01419  	-0.0032  	0.02487  	0.00536  	-0.0380  	0.03337  	0.00591  	-0.0277  	0.02869  	0.00332  	-0.0045  	0.03569  	-0.0079  	-0.0069  	-0.0242  	0.03589  	-0.0073  	0.02253  	-0.2797  	
-0.2574  	-0.0655  	-0.0742  	0.39163  	-0.0023  	0.32336  	0.10071  	-0.6786  	0.15405  	0.01831  	0.18164  	0.30866  	-0.0262  	-0.6448  	-0.9513  	0.74612  	-0.0710  	0.30503  	-0.2899  	0.46454  	-0.0787  	-0.2314  	-0.5216  	0.27159  	-0.2133  	-0.1164  	-0.4092  	-0.0717  	-0.0723  	-0.1348  	-0.1877  	0.23284  	0.25272  	-0.0622  	0.14175  	0.23918  	0.08509  	-0.0233  	-0.1585  	0.25368  	0.02080  	0.02921  	0.01759  	-0.0257  	-0.0705  	-0.0415  	0.04516  	-0.0052  	0.03895  	-0.0142  	0.00537  	0.01804  	-0.0042  	0.02521  	0.00356  	-0.0398  	0.02876  	0.00273  	-0.0315  	0.02733  	0.00434  	-0.0057  	0.02870  	-0.0033  	-0.0069  	-0.0242  	0.03589  	-0.0073  	0.02253  	-0.2797  	
-0.0736  	-0.0097  	0.03427  	0.51613  	0.03778  	0.36169  	0.11681  	-0.6774  	0.17364  	0.04793  	0.13084  	0.31761  	-0.0109  	-0.6221  	-0.9717  	0.85854  	-0.0977  	0.32819  	-0.2682  	0.46734  	-0.0930  	-0.2362  	-0.5807  	0.22917  	-0.2046  	-0.1309  	-0.4518  	-0.0904  	-0.0740  	-0.1429  	-0.1965  	0.23237  	0.26530  	-0.0467  	0.16240  	0.25395  	0.09828  	-0.0149  	-0.1610  	0.25448  	0.02248  	0.02933  	0.03273  	-0.0158  	-0.0704  	-0.0447  	0.04041  	0.00031  	0.04560  	-0.0185  	0.01049  	0.01410  	-0.0023  	0.02037  	0.00374  	-0.0313  	0.03063  	0.00426  	-0.0315  	0.03094  	0.00255  	-0.0031  	0.03503  	-0.0019  	-0.0069  	-0.0242  	0.03589  	-0.0073  	0.02253  	-0.2797  	
-0.0205  	0.00196  	0.06746  	0.50918  	0.04680  	0.40479  	0.11393  	-0.6700  	0.18958  	0.09453  	0.17776  	0.32276  	-0.0188  	-0.6419  	-1.0321  	0.91695  	-0.1264  	0.33935  	-0.2652  	0.50877  	-0.0953  	-0.2424  	-0.6373  	0.22323  	-0.1672  	-0.1439  	-0.4491  	-0.0226  	-0.0562  	-0.1316  	-0.2063  	0.23593  	0.25737  	-0.0460  	0.18792  	0.29370  	0.07784  	-0.0165  	-0.1591  	0.25700  	0.01051  	0.02954  	0.03004  	-0.0189  	-0.0761  	-0.0458  	0.03541  	0.00282  	0.04194  	-0.0201  	0.02558  	0.01446  	0.00238  	0.01688  	0.00911  	-0.0341  	0.03751  	0.00600  	-0.0277  	0.02853  	-4.2393  	-0.0131  	0.03341  	-0.0006  	-0.0069  	-0.0242  	0.03589  	-0.0073  	0.02253  	-0.2797  	
-0.1181  	-0.0222  	-0.0082  	0.47733  	0.01820  	0.34698  	0.11968  	-0.6935  	0.15129  	0.04398  	0.16496  	0.27409  	-0.0336  	-0.6462  	-1.0182  	0.83652  	-0.1224  	0.32797  	-0.2684  	0.48282  	-0.1095  	-0.2440  	-0.6105  	0.21620  	-0.1401  	-0.1438  	-0.4275  	-0.0125  	-0.0367  	-0.1178  	-0.2041  	0.23912  	0.23408  	-0.0487  	0.17675  	0.31722  	0.08879  	-0.0100  	-0.1709  	0.24191  	0.02691  	0.03188  	0.01568  	-0.0169  	-0.0759  	-0.0452  	0.03316  	-0.0057  	0.04158  	-0.0189  	0.02303  	0.01630  	0.00807  	0.01984  	0.00954  	-0.0322  	0.03363  	0.00858  	-0.0267  	0.03002  	0.00174  	-0.0113  	0.03972  	-0.0013  	-0.0069  	-0.0242  	0.03589  	-0.0073  	0.02253  	-0.2797  	
-0.1583  	-0.0318  	-0.0374  	0.48791  	0.01337  	0.31939  	0.11250  	-0.7027  	0.13825  	0.00066  	0.16902  	0.27115  	-0.0725  	-0.6839  	-0.9602  	0.79242  	-0.0924  	0.31316  	-0.2663  	0.45652  	-0.1017  	-0.2495  	-0.5512  	0.23905  	-0.1429  	-0.1336  	-0.3848  	-0.0545  	-0.0620  	-0.1221  	-0.2144  	0.24658  	0.22321  	-0.0607  	0.17970  	0.30330  	0.11432  	-0.0034  	-0.1864  	0.23705  	0.02889  	0.03911  	0.01177  	-0.0185  	-0.0746  	-0.0462  	0.03388  	-0.0066  	0.03731  	-0.0166  	0.01762  	0.01511  	0.00502  	0.02471  	0.01164  	-0.0327  	0.04024  	0.00945  	-0.0274  	0.02881  	-4.3608  	-0.0029  	0.04322  	-0.0006  	-0.0069  	-0.0242  	0.03589  	-0.0073  	0.02253  	-0.2797  	
-0.1128  	-0.0227  	-0.0165  	0.51403  	0.01280  	0.33659  	0.10455  	-0.6396  	0.15454  	-0.0222  	0.23386  	0.28581  	-0.0601  	-0.6003  	-0.8550  	0.77069  	-0.0851  	0.26301  	-0.2888  	0.43539  	0.01066  	-0.2249  	-0.5359  	0.28370  	-0.1842  	-0.1343  	-0.3814  	-0.1477  	-0.1417  	-0.1334  	-0.2075  	0.25502  	0.25920  	-0.0692  	0.21468  	0.22415  	0.17923  	0.00708  	-0.2144  	0.20523  	0.01747  	0.04421  	0.00850  	-0.0304  	-0.0686  	-0.0426  	0.03989  	-0.0154  	0.03677  	-0.0160  	0.00686  	0.01481  	0.00188  	0.02515  	0.00653  	-0.0353  	0.03639  	0.00731  	-0.0280  	0.02784  	0.00082  	-0.0016  	0.03696  	-0.0031  	-0.0069  	-0.0242  	0.03589  	-0.0073  	0.02253  	-0.2797  	
-0.0244  	0.03458  	0.04918  	0.55535  	0.00939  	0.37520  	0.10290  	-0.5709  	0.19278  	-0.0430  	0.22727  	0.31477  	-0.0162  	-0.4762  	-0.7871  	0.81468  	-0.0741  	0.24045  	-0.2834  	0.37551  	0.10175  	-0.2291  	-0.5223  	0.28862  	-0.2440  	-0.1408  	-0.3528  	-0.2375  	-0.2203  	-0.1547  	-0.2070  	0.25385  	0.26485  	-0.0589  	0.26252  	0.15212  	0.22818  	0.04060  	-0.2399  	0.19974  	0.00061  	0.03387  	0.00676  	-0.0257  	-0.0767  	-0.0395  	0.04255  	-0.0164  	0.03666  	-0.0088  	0.00176  	0.01861  	0.00081  	0.02966  	0.00583  	-0.0335  	0.01990  	0.00257  	-0.0306  	0.02683  	0.00763  	0.00358  	0.02940  	-0.0092  	-0.0069  	-0.0242  	0.03589  	-0.0073  	0.02253  	-0.2797  	
0.13884  	0.10114  	0.17642  	0.56136  	-0.0380  	0.48617  	0.11126  	-0.4842  	0.25357  	-0.0625  	0.29345  	0.36009  	0.00200  	-0.3980  	-0.7942  	0.91323  	-0.0666  	0.19308  	-0.2707  	0.33233  	0.19746  	-0.2051  	-0.4505  	0.35404  	-0.2597  	-0.1497  	-0.2916  	-0.3490  	-0.3292  	-0.1549  	-0.1980  	0.27380  	0.28294  	-0.0642  	0.30203  	0.11900  	0.30534  	0.06325  	-0.2516  	0.16469  	-0.0327  	0.03036  	0.01819  	-0.0300  	-0.0834  	-0.0431  	0.03522  	0.00579  	0.04839  	-0.0082  	-0.0002  	0.01853  	0.00151  	0.03231  	0.00213  	-0.0214  	0.01874  	0.00506  	-0.0351  	0.03402  	0.00825  	0.00379  	0.03141  	-0.0055  	-0.0069  	-0.0242  	0.03589  	-0.0073  	0.02253  	-0.2797  	
0.13932  	0.09724  	0.17709  	0.56552  	-0.0303  	0.49116  	0.11117  	-0.4824  	0.25303  	-0.0565  	0.29278  	0.36116  	0.00425  	-0.3990  	-0.7991  	0.91521  	-0.0657  	0.19290  	-0.2722  	0.33400  	0.19078  	-0.2090  	-0.4516  	0.35313  	-0.2618  	-0.1502  	-0.2931  	-0.3452  	-0.3278  	-0.1541  	-0.1994  	0.27423  	0.28261  	-0.0645  	0.29929  	0.12135  	0.30283  	0.06377  	-0.2490  	0.16484  	-0.0345  	0.03053  	0.01804  	-0.0294  	-0.0833  	-0.0424  	0.03456  	0.00585  	0.04840  	-0.0091  	0.00028  	0.01875  	0.00170  	0.03200  	0.00279  	-0.0219  	0.01912  	0.00490  	-0.0349  	0.03383  	0.00814  	0.00330  	0.03167  	-0.0051  	-0.0069  	-0.0242  	0.03589  	-0.0073  	0.02253  	-0.2797  	
