0.13932  	0.09724  	0.17709  	0.56552  	-0.0303  	0.49116  	0.11117  	-0.4824  	0.25303  	-0.0565  	0.29278  	0.36116  	0.00425  	-0.3990  	-0.7991  	0.91521  	-0.0657  	0.19290  	-0.2722  	0.33400  	0.19078  	-0.2090  	-0.4516  	0.35313  	-0.2618  	-0.1502  	-0.2931  	-0.3452  	-0.3278  	-0.1541  	-0.1994  	0.27423  	0.28261  	-0.0645  	0.29929  	0.12135  	0.30283  	0.06377  	-0.2490  	0.16484  	-0.0345  	0.03053  	0.01804  	-0.0294  	-0.0833  	-0.0424  	0.03456  	0.00585  	0.04840  	-0.0091  	0.00028  	0.01875  	0.00170  	0.03200  	0.00279  	-0.0219  	0.01912  	0.00490  	-0.0349  	0.03383  	0.00814  	0.00330  	0.03167  	-0.0051  	-0.0069  	-0.0242  	0.03589  	-0.0073  	0.02253  	-0.2797  	
0.13932  	0.09724  	0.17709  	0.56552  	-0.0303  	0.49116  	0.11117  	-0.4824  	0.25303  	-0.0565  	0.29278  	0.36116  	0.00425  	-0.3990  	-0.7991  	0.91521  	-0.0657  	0.19290  	-0.2722  	0.33400  	0.19078  	-0.2090  	-0.4516  	0.35313  	-0.2618  	-0.1502  	-0.2931  	-0.3452  	-0.3278  	-0.1541  	-0.1994  	0.27423  	0.28261  	-0.0645  	0.29929  	0.12135  	0.30283  	0.06377  	-0.2490  	0.16484  	-0.0345  	0.03053  	0.01804  	-0.0294  	-0.0833  	-0.0424  	0.03456  	0.00585  	0.04840  	-0.0091  	0.00028  	0.01875  	0.00170  	0.03200  	0.00279  	-0.0219  	0.01912  	0.00490  	-0.0349  	0.03383  	0.00814  	0.00330  	0.03167  	-0.0051  	-0.0069  	-0.0242  	0.03589  	-0.0073  	0.02253  	-0.2797  	
0.02694  	0.06892  	0.10703  	0.52414  	0.01986  	0.40722  	0.11275  	-0.5873  	0.20826  	0.01351  	0.28675  	0.35450  	-0.0045  	-0.5041  	-0.9808  	0.91313  	-0.1075  	0.28408  	-0.2792  	0.44161  	0.06239  	-0.2684  	-0.5671  	0.28139  	-0.2286  	-0.1447  	-0.4020  	-0.1524  	-0.1994  	-0.1621  	-0.2051  	0.24508  	0.29218  	-0.0528  	0.25958  	0.21116  	0.18552  	0.01518  	-0.2031  	0.21463  	-0.0056  	0.04711  	0.00526  	-0.0423  	-0.0800  	-0.0416  	0.03760  	0.00807  	0.03859  	-0.0102  	0.01410  	0.01816  	0.00091  	0.02506  	0.00247  	-0.0243  	0.02775  	0.00738  	-0.0311  	0.02859  	0.00798  	-0.0073  	0.03480  	-0.0037  	-0.0069  	-0.0242  	0.03589  	-0.0073  	0.02253  	-0.2797  	
-0.0803  	-0.0045  	0.05340  	0.43910  	0.00140  	0.34789  	0.13406  	-0.6685  	0.19490  	0.10151  	0.24840  	0.30462  	-0.0003  	-0.5655  	-1.0637  	0.92965  	-0.1123  	0.33801  	-0.2947  	0.47247  	-0.1386  	-0.2537  	-0.6000  	0.21830  	-0.2248  	-0.1142  	-0.5238  	-0.0137  	-0.0729  	-0.1409  	-0.1815  	0.23013  	0.30187  	-0.0486  	0.15842  	0.26280  	0.07504  	-0.0244  	-0.1735  	0.24403  	0.03762  	0.02907  	0.04221  	-0.0397  	-0.0880  	-0.0456  	0.04815  	0.01567  	0.04417  	-0.0211  	0.02296  	0.01420  	-0.0063  	0.01741  	0.00604  	-0.0377  	0.03098  	0.00444  	-0.0339  	0.02618  	0.00225  	-0.0067  	0.04589  	0.00413  	-0.0069  	-0.0242  	0.03589  	-0.0073  	0.02253  	-0.2797  	
-0.2527  	-0.0743  	-0.0553  	0.34949  	-0.0505  	0.21260  	0.12783  	-0.6938  	0.14817  	0.13310  	0.25794  	0.25269  	-0.0145  	-0.6301  	-1.1740  	0.81992  	-0.1138  	0.34423  	-0.2824  	0.51191  	-0.1679  	-0.2569  	-0.6253  	0.22274  	-0.1382  	-0.1347  	-0.4598  	0.00890  	0.00165  	-0.1358  	-0.2000  	0.22691  	0.24731  	-0.0623  	0.12731  	0.32955  	0.04671  	-0.0309  	-0.1644  	0.25821  	0.04983  	0.03629  	0.01949  	-0.0214  	-0.0727  	-0.0504  	0.04170  	0.00879  	0.03862  	-0.0235  	0.01727  	0.01745  	-0.0015  	0.02243  	0.00604  	-0.0363  	0.03461  	0.00437  	-0.0314  	0.02840  	0.00820  	-0.0063  	0.03857  	-0.0008  	-0.0069  	-0.0242  	0.03589  	-0.0073  	0.02253  	-0.2797  	
-0.3944  	-0.1088  	-0.1935  	0.31711  	-0.0472  	0.17914  	0.11004  	-0.7293  	0.12502  	0.09301  	0.29390  	0.29651  	-0.0852  	-0.6803  	-1.0861  	0.73763  	-0.0929  	0.32762  	-0.2654  	0.45729  	-0.1148  	-0.2184  	-0.6044  	0.24889  	-0.1150  	-0.1401  	-0.3867  	-0.0556  	-0.0099  	-0.1156  	-0.1967  	0.22011  	0.22406  	-0.0581  	0.14378  	0.31843  	0.08698  	-0.0292  	-0.1722  	0.24520  	0.01395  	0.03489  	0.00332  	-0.0251  	-0.0566  	-0.0463  	0.03477  	-0.0093  	0.03070  	-0.0138  	0.01617  	0.01747  	-0.0018  	0.02236  	0.00653  	-0.0369  	0.03463  	0.00655  	-0.0273  	0.03308  	0.00045  	-0.0132  	0.03443  	-0.0032  	-0.0069  	-0.0242  	0.03589  	-0.0073  	0.02253  	-0.2797  	
-0.4193  	-0.1055  	-0.1538  	0.27841  	-0.0728  	0.17594  	0.12189  	-0.7083  	0.13271  	0.08806  	0.28755  	0.24147  	-0.0834  	-0.6846  	-1.0877  	0.71697  	-0.0824  	0.29308  	-0.2862  	0.44366  	-0.1003  	-0.2562  	-0.5205  	0.23406  	-0.1730  	-0.1177  	-0.4313  	-0.0853  	-0.0486  	-0.1392  	-0.1917  	0.21745  	0.22733  	-0.0590  	0.12073  	0.27992  	0.10043  	-0.0064  	-0.1780  	0.22977  	0.04280  	0.02589  	0.00876  	-0.0175  	-0.0654  	-0.0472  	0.04032  	-0.0191  	0.03470  	-0.0117  	0.00465  	0.01581  	-0.0012  	0.02554  	0.00370  	-0.0376  	0.03267  	0.00716  	-0.0310  	0.02958  	0.00740  	-0.0032  	0.03418  	-0.0056  	-0.0069  	-0.0242  	0.03589  	-0.0073  	0.02253  	-0.2797  	
-0.2148  	-0.0626  	-0.0156  	0.46768  	0.01229  	0.31807  	0.12839  	-0.7017  	0.13566  	0.06114  	0.14078  	0.34357  	-0.0460  	-0.6797  	-1.0299  	0.83264  	-0.0878  	0.32602  	-0.2834  	0.46225  	-0.1940  	-0.2330  	-0.5840  	0.22934  	-0.1724  	-0.1236  	-0.4458  	0.01602  	-0.0118  	-0.1304  	-0.1893  	0.23547  	0.23561  	-0.0419  	0.10160  	0.30363  	0.03623  	-0.0169  	-0.1549  	0.27516  	0.03534  	0.01729  	0.02548  	-0.0163  	-0.0858  	-0.0521  	0.03571  	0.00106  	0.04600  	-0.0208  	0.01608  	0.01503  	-0.0036  	0.02434  	0.00964  	-0.0392  	0.03813  	0.00404  	-0.0307  	0.02749  	0.00100  	-0.0030  	0.03383  	-0.0014  	-0.0069  	-0.0242  	0.03589  	-0.0073  	0.02253  	-0.2797  	
-0.1040  	-0.0427  	-0.0150  	0.57362  	0.12626  	0.28115  	0.15113  	-0.7303  	0.14390  	0.13286  	0.14838  	0.36280  	-0.0502  	-0.6734  	-1.0502  	0.91348  	-0.1416  	0.35714  	-0.2888  	0.53357  	-0.2496  	-0.2265  	-0.6785  	0.22350  	-0.1205  	-0.1448  	-0.4645  	0.08107  	0.04107  	-0.1078  	-0.2145  	0.24284  	0.22887  	-0.0431  	0.12993  	0.34181  	0.00750  	-0.0398  	-0.1314  	0.27606  	0.03498  	0.02571  	0.02484  	-0.0228  	-0.0810  	-0.0470  	0.03254  	0.01259  	0.05462  	-0.0166  	0.02259  	0.01279  	0.00233  	0.02170  	0.01008  	-0.0339  	0.04105  	0.00881  	-0.0274  	0.03336  	-0.0040  	-0.0101  	0.03482  	-0.0065  	-0.0069  	-0.0242  	0.03589  	-0.0073  	0.02253  	-0.2797  	
-0.1072  	-0.0707  	0.00508  	0.57045  	0.13949  	0.27926  	0.15800  	-0.7329  	0.15262  	0.16974  	0.15417  	0.35629  	-0.0452  	-0.7227  	-1.1103  	0.97834  	-0.1559  	0.37466  	-0.2741  	0.51833  	-0.2807  	-0.2198  	-0.6905  	0.21891  	-0.0731  	-0.1477  	-0.4290  	0.08664  	0.07846  	-0.0749  	-0.2220  	0.24215  	0.21309  	-0.0382  	0.11868  	0.38517  	0.00325  	-0.0271  	-0.1393  	0.28878  	0.01383  	0.03812  	0.02970  	-0.0033  	-0.0850  	-0.0435  	0.02908  	0.02023  	0.05729  	-0.0281  	0.03005  	0.01088  	0.00174  	0.02398  	0.00987  	-0.0312  	0.03671  	0.00443  	-0.0231  	0.03463  	-0.0037  	-0.0132  	0.03726  	-0.0015  	-0.0069  	-0.0242  	0.03589  	-0.0073  	0.02253  	-0.2797  	
-0.1418  	-0.0921  	-0.0422  	0.51520  	0.09687  	0.32239  	0.14969  	-0.7649  	0.13517  	0.12441  	0.07025  	0.25808  	-0.0315  	-0.7242  	-1.0643  	0.90647  	-0.1265  	0.35058  	-0.2621  	0.46718  	-0.2467  	-0.2189  	-0.6487  	0.22559  	-0.0400  	-0.1504  	-0.3887  	0.07977  	0.06945  	-0.0601  	-0.2122  	0.25040  	0.18600  	-0.0454  	0.11731  	0.38282  	0.01925  	-0.0323  	-0.1335  	0.27224  	0.00778  	0.04406  	0.02729  	-0.0065  	-0.0833  	-0.0404  	0.03160  	0.00972  	0.04750  	-0.0255  	0.02997  	0.01337  	-0.0007  	0.02696  	0.00962  	-0.0311  	0.04134  	0.00593  	-0.0219  	0.03267  	-0.0046  	-0.0165  	0.03729  	-0.0030  	-0.0069  	-0.0242  	0.03589  	-0.0073  	0.02253  	-0.2797  	
-0.1750  	-0.0811  	-0.0881  	0.48942  	0.04350  	0.34595  	0.14101  	-0.7558  	0.12096  	0.01913  	0.02985  	0.20850  	-0.0361  	-0.6911  	-0.9700  	0.77354  	-0.0936  	0.33581  	-0.2792  	0.42810  	-0.1957  	-0.2197  	-0.5720  	0.24497  	-0.0677  	-0.1463  	-0.3958  	0.04885  	0.05113  	-0.0873  	-0.2113  	0.24208  	0.19157  	-0.0561  	0.12231  	0.35731  	0.03005  	-0.0272  	-0.1590  	0.25512  	0.01638  	0.03496  	0.01038  	-0.0106  	-0.0896  	-0.0395  	0.03408  	-0.0074  	0.03869  	-0.0164  	0.02730  	0.01629  	-0.0003  	0.02563  	0.01037  	-0.0358  	0.04436  	0.01288  	-0.0200  	0.02530  	-0.0080  	-0.0104  	0.03803  	-0.0074  	-0.0069  	-0.0242  	0.03589  	-0.0073  	0.02253  	-0.2797  	
-0.1492  	-0.0300  	-0.0486  	0.48605  	0.01782  	0.35679  	0.13819  	-0.7002  	0.13820  	-0.0229  	0.09894  	0.21515  	-0.0426  	-0.6537  	-0.9117  	0.72201  	-0.1061  	0.30059  	-0.2813  	0.43922  	-0.0961  	-0.2290  	-0.5294  	0.22334  	-0.1196  	-0.1401  	-0.3992  	-0.0377  	-0.0334  	-0.1092  	-0.2174  	0.24568  	0.20908  	-0.0500  	0.16073  	0.30846  	0.10166  	0.00439  	-0.1718  	0.22808  	0.00886  	0.03117  	0.01683  	-0.0202  	-0.0845  	-0.0471  	0.03185  	-0.0090  	0.03949  	-0.0238  	0.02006  	0.01307  	0.00582  	0.02346  	0.01423  	-0.0378  	0.04035  	0.00761  	-0.0232  	0.02549  	-0.0014  	-0.0081  	0.04400  	-0.0011  	-0.0069  	-0.0242  	0.03589  	-0.0073  	0.02253  	-0.2797  	
-0.0902  	-0.0249  	-0.0267  	0.52356  	0.05221  	0.37124  	0.14242  	-0.6944  	0.13920  	0.00052  	0.13697  	0.26028  	-0.0269  	-0.5899  	-0.8717  	0.75575  	-0.1175  	0.30920  	-0.2874  	0.45581  	-0.0713  	-0.2121  	-0.5728  	0.22676  	-0.1394  	-0.1435  	-0.4097  	-0.0445  	-0.0684  	-0.1034  	-0.2158  	0.24637  	0.24097  	-0.0438  	0.20168  	0.29447  	0.10117  	-0.0062  	-0.1792  	0.23240  	-0.0139  	0.04469  	0.01165  	-0.0294  	-0.0812  	-0.0503  	0.03448  	-0.0178  	0.04217  	-0.0214  	0.02154  	0.01210  	0.00044  	0.02475  	0.01063  	-0.0351  	0.03729  	0.01025  	-0.0263  	0.02943  	-0.0049  	-0.0058  	0.03728  	-0.0036  	-0.0069  	-0.0242  	0.03589  	-0.0073  	0.02253  	-0.2797  	
-0.0500  	-0.0168  	0.01307  	0.52923  	0.08473  	0.40564  	0.14477  	-0.6584  	0.16192  	0.03684  	0.21619  	0.29447  	-0.0237  	-0.5760  	-0.9434  	0.85121  	-0.1256  	0.31702  	-0.3015  	0.50409  	-0.0438  	-0.2441  	-0.6161  	0.24499  	-0.1687  	-0.1425  	-0.4328  	-0.0347  	-0.0729  	-0.1384  	-0.2098  	0.23760  	0.25564  	-0.0461  	0.21324  	0.28623  	0.11145  	-0.0111  	-0.1812  	0.24062  	-0.0093  	0.03922  	0.00471  	-0.0263  	-0.0717  	-0.0496  	0.04226  	-0.0113  	0.04221  	-0.0163  	0.02366  	0.01134  	0.00095  	0.02350  	0.01157  	-0.0332  	0.03831  	0.00781  	-0.0303  	0.03070  	-0.0039  	-0.0080  	0.03617  	-0.0023  	-0.0069  	-0.0242  	0.03589  	-0.0073  	0.02253  	-0.2797  	
-0.0732  	-0.0379  	0.01109  	0.49220  	0.04807  	0.36187  	0.14761  	-0.6760  	0.16898  	0.08375  	0.22402  	0.28269  	-0.0276  	-0.6198  	-1.0191  	0.85404  	-0.1370  	0.32227  	-0.2903  	0.51645  	-0.0975  	-0.2347  	-0.6533  	0.22340  	-0.1469  	-0.1533  	-0.4373  	-0.0075  	-0.0330  	-0.1177  	-0.2005  	0.24390  	0.23964  	-0.0469  	0.19508  	0.31505  	0.09390  	-0.0149  	-0.1752  	0.24818  	0.00072  	0.03853  	0.01682  	-0.0241  	-0.0686  	-0.0461  	0.03884  	-0.0040  	0.04377  	-0.0166  	0.02704  	0.01562  	0.00096  	0.01847  	0.01196  	-0.0350  	0.04166  	0.00940  	-0.0292  	0.02782  	-0.0019  	-0.0143  	0.03829  	-0.0033  	-0.0069  	-0.0242  	0.03589  	-0.0073  	0.02253  	-0.2797  	
-0.0500  	-0.0386  	0.03139  	0.49476  	0.05556  	0.37025  	0.14816  	-0.6761  	0.15687  	0.09883  	0.22105  	0.26795  	-0.0478  	-0.6349  	-1.0364  	0.88564  	-0.1504  	0.31560  	-0.2880  	0.48981  	-0.0933  	-0.2269  	-0.6394  	0.22549  	-0.1282  	-0.1559  	-0.4227  	-0.0267  	-0.0281  	-0.1084  	-0.2095  	0.26067  	0.22988  	-0.0501  	0.19387  	0.33003  	0.10209  	-0.0023  	-0.1681  	0.25493  	-0.0006  	0.04545  	0.02490  	-0.0191  	-0.0763  	-0.0442  	0.03549  	0.00525  	0.04526  	-0.0186  	0.02696  	0.01716  	0.00111  	0.02028  	0.01389  	-0.0358  	0.03947  	0.00997  	-0.0287  	0.02906  	-0.0035  	-0.0121  	0.03717  	-0.0050  	-0.0069  	-0.0242  	0.03589  	-0.0073  	0.02253  	-0.2797  	
-0.0570  	-0.0426  	0.03020  	0.44919  	0.02657  	0.36885  	0.14901  	-0.7111  	0.13913  	0.08865  	0.23176  	0.27203  	-0.0480  	-0.6558  	-1.1025  	0.89082  	-0.1438  	0.30652  	-0.2863  	0.48079  	-0.1140  	-0.2308  	-0.6175  	0.22489  	-0.1327  	-0.1529  	-0.4223  	-0.0249  	-0.0436  	-0.1175  	-0.2055  	0.25383  	0.23332  	-0.0499  	0.17854  	0.33889  	0.10405  	-0.0006  	-0.1680  	0.25574  	0.01477  	0.04349  	0.01996  	-0.0192  	-0.0768  	-0.0432  	0.03698  	0.00878  	0.04543  	-0.0146  	0.02421  	0.01682  	0.00343  	0.02209  	0.01156  	-0.0373  	0.03885  	0.00753  	-0.0282  	0.03029  	-0.0031  	-0.0120  	0.03655  	-0.0055  	-0.0069  	-0.0242  	0.03589  	-0.0073  	0.02253  	-0.2797  	
-0.0805  	-0.0336  	0.00505  	0.42168  	-0.0013  	0.35091  	0.15222  	-0.7176  	0.13383  	0.06160  	0.22096  	0.26067  	-0.0421  	-0.6498  	-1.0458  	0.84373  	-0.1240  	0.31143  	-0.2910  	0.47658  	-0.1090  	-0.2388  	-0.5783  	0.21475  	-0.1733  	-0.1442  	-0.4595  	-0.0153  	-0.0224  	-0.1341  	-0.2063  	0.24666  	0.23473  	-0.0539  	0.16576  	0.32751  	0.09387  	-0.0007  	-0.1770  	0.26456  	0.03579  	0.04479  	0.01953  	-0.0250  	-0.0819  	-0.0446  	0.03806  	-0.0007  	0.04233  	-0.0177  	0.01929  	0.01522  	0.00370  	0.02231  	0.01103  	-0.0375  	0.03702  	0.00358  	-0.0264  	0.03194  	0.00027  	-0.0081  	0.03847  	0.00015  	-0.0069  	-0.0242  	0.03589  	-0.0073  	0.02253  	-0.2797  	
-0.0817  	-0.0186  	-0.0029  	0.42844  	-0.0003  	0.34485  	0.13244  	-0.7021  	0.12689  	-0.0019  	0.23832  	0.25767  	-0.0651  	-0.6396  	-0.9808  	0.78724  	-0.1154  	0.29061  	-0.2840  	0.44239  	-0.0377  	-0.2355  	-0.5489  	0.24507  	-0.1922  	-0.1383  	-0.4263  	-0.0945  	-0.0883  	-0.1367  	-0.2017  	0.25370  	0.24108  	-0.0543  	0.21115  	0.28188  	0.14270  	0.01155  	-0.2093  	0.23135  	0.02452  	0.04552  	0.01188  	-0.0330  	-0.0780  	-0.0461  	0.03527  	-0.0086  	0.04108  	-0.0210  	0.01436  	0.01732  	0.00543  	0.02332  	0.01044  	-0.0380  	0.03713  	0.00602  	-0.0287  	0.02869  	0.00186  	-0.0079  	0.03971  	-0.0013  	-0.0069  	-0.0242  	0.03589  	-0.0073  	0.02253  	-0.2797  	
-0.0577  	0.00027  	0.00381  	0.46462  	-0.0027  	0.34561  	0.12341  	-0.6609  	0.14660  	-0.0268  	0.25740  	0.27477  	-0.0605  	-0.5857  	-0.8968  	0.77462  	-0.1051  	0.26011  	-0.2785  	0.41833  	0.01157  	-0.2182  	-0.5358  	0.28626  	-0.1806  	-0.1435  	-0.3934  	-0.1530  	-0.1443  	-0.1377  	-0.1976  	0.26359  	0.25720  	-0.0593  	0.23181  	0.23684  	0.18044  	0.02160  	-0.2213  	0.21916  	0.01626  	0.03941  	-0.0064  	-0.0370  	-0.0844  	-0.0426  	0.03863  	-0.0073  	0.03571  	-0.0152  	0.00468  	0.01710  	-0.0006  	0.02725  	0.00753  	-0.0400  	0.03454  	0.00526  	-0.0305  	0.02763  	0.00368  	-0.0032  	0.03699  	-0.0065  	-0.0069  	-0.0242  	0.03589  	-0.0073  	0.02253  	-0.2797  	
0.06304  	0.06315  	0.09659  	0.53892  	-0.0253  	0.40658  	0.11459  	-0.5574  	0.20590  	-0.0435  	0.29490  	0.30091  	-0.0178  	-0.4656  	-0.8308  	0.84887  	-0.0777  	0.23228  	-0.2769  	0.34663  	0.13491  	-0.2251  	-0.5106  	0.32744  	-0.2330  	-0.1499  	-0.3256  	-0.2920  	-0.2645  	-0.1620  	-0.2076  	0.27480  	0.26889  	-0.0616  	0.29648  	0.15715  	0.26409  	0.05065  	-0.2582  	0.19430  	-0.0128  	0.02929  	0.00908  	-0.0296  	-0.0834  	-0.0404  	0.03785  	-0.0072  	0.03963  	-0.0075  	0.00080  	0.01767  	0.00069  	0.03008  	0.00590  	-0.0291  	0.01988  	0.00288  	-0.0334  	0.02899  	0.00779  	0.00160  	0.02786  	-0.0092  	-0.0069  	-0.0242  	0.03589  	-0.0073  	0.02253  	-0.2797  	
0.14458  	0.10411  	0.17972  	0.56841  	-0.0391  	0.49333  	0.11257  	-0.4785  	0.25597  	-0.0679  	0.29070  	0.35897  	0.00797  	-0.3927  	-0.7924  	0.91872  	-0.0687  	0.19186  	-0.2685  	0.32685  	0.20652  	-0.2002  	-0.4512  	0.35837  	-0.2565  	-0.1515  	-0.2857  	-0.3560  	-0.3326  	-0.1542  	-0.1984  	0.27351  	0.28281  	-0.0645  	0.30288  	0.12100  	0.30876  	0.06322  	-0.2514  	0.16516  	-0.0351  	0.03182  	0.01692  	-0.0299  	-0.0831  	-0.0427  	0.03458  	0.00603  	0.04835  	-0.0083  	-0.0001  	0.01794  	0.00186  	0.03220  	0.00218  	-0.0210  	0.01781  	0.00536  	-0.0350  	0.03458  	0.00855  	0.00372  	0.03224  	-0.0058  	-0.0069  	-0.0242  	0.03589  	-0.0073  	0.02253  	-0.2797  	
0.13945  	0.09752  	0.17738  	0.56516  	-0.0309  	0.49090  	0.11114  	-0.4824  	0.25320  	-0.0567  	0.29297  	0.36133  	0.00431  	-0.3987  	-0.7993  	0.91523  	-0.0659  	0.19282  	-0.2721  	0.33367  	0.19135  	-0.2088  	-0.4515  	0.35314  	-0.2619  	-0.1502  	-0.2929  	-0.3455  	-0.3281  	-0.1541  	-0.1993  	0.27421  	0.28266  	-0.0645  	0.29939  	0.12127  	0.30315  	0.06377  	-0.2492  	0.16485  	-0.0344  	0.03058  	0.01802  	-0.0295  	-0.0834  	-0.0424  	0.03458  	0.00588  	0.04840  	-0.0090  	0.00025  	0.01872  	0.00172  	0.03204  	0.00276  	-0.0218  	0.01907  	0.00490  	-0.0349  	0.03391  	0.00816  	0.00331  	0.03166  	-0.0052  	-0.0069  	-0.0242  	0.03589  	-0.0073  	0.02253  	-0.2797  	
0.13578  	0.09745  	0.17541  	0.56339  	-0.0317  	0.48695  	0.11012  	-0.4841  	0.25294  	-0.0550  	0.29616  	0.36315  	0.00253  	-0.4006  	-0.8026  	0.91374  	-0.0657  	0.19349  	-0.2735  	0.33440  	0.18922  	-0.2102  	-0.4516  	0.35006  	-0.2642  	-0.1492  	-0.2977  	-0.3411  	-0.3268  	-0.1556  	-0.1985  	0.27322  	0.28412  	-0.0642  	0.29747  	0.12052  	0.30314  	0.06352  	-0.2494  	0.16304  	-0.0312  	0.02937  	0.01852  	-0.0296  	-0.0834  	-0.0425  	0.03473  	0.00548  	0.04782  	-0.0086  	-3.1521  	0.01902  	0.00166  	0.03206  	0.00263  	-0.0220  	0.01892  	0.00481  	-0.0346  	0.03383  	0.00834  	0.00345  	0.03109  	-0.0052  	-0.0069  	-0.0242  	0.03589  	-0.0073  	0.02253  	-0.2797  	
0.13307  	0.09758  	0.17227  	0.56116  	-0.0339  	0.48163  	0.10997  	-0.4867  	0.25172  	-0.0552  	0.29834  	0.36308  	0.00036  	-0.4018  	-0.8016  	0.91162  	-0.0653  	0.19398  	-0.2744  	0.33341  	0.18989  	-0.2109  	-0.4512  	0.35098  	-0.2636  	-0.1492  	-0.2981  	-0.3416  	-0.3276  	-0.1569  	-0.1977  	0.27242  	0.28380  	-0.0647  	0.29869  	0.11964  	0.30360  	0.06296  	-0.2511  	0.16225  	-0.0307  	0.02943  	0.01796  	-0.0299  	-0.0837  	-0.0425  	0.03467  	0.00511  	0.04723  	-0.0079  	3.14301  	0.01918  	0.00162  	0.03205  	0.00219  	-0.0220  	0.01894  	0.00477  	-0.0345  	0.03356  	0.00836  	0.00378  	0.03071  	-0.0053  	-0.0069  	-0.0242  	0.03589  	-0.0073  	0.02253  	-0.2797  	
0.13316  	0.09815  	0.17135  	0.56104  	-0.0340  	0.48217  	0.11062  	-0.4868  	0.25113  	-0.0565  	0.29838  	0.36056  	-0.0004  	-0.4036  	-0.7991  	0.91125  	-0.0648  	0.19339  	-0.2743  	0.33375  	0.19042  	-0.2106  	-0.4512  	0.35174  	-0.2624  	-0.1495  	-0.2967  	-0.3427  	-0.3285  	-0.1571  	-0.1980  	0.27281  	0.28342  	-0.0648  	0.29960  	0.11937  	0.30380  	0.06326  	-0.2510  	0.16284  	-0.0317  	0.02947  	0.01742  	-0.0295  	-0.0837  	-0.0426  	0.03471  	0.00484  	0.04713  	-0.0080  	6.84595  	0.01917  	0.00167  	0.03202  	0.00222  	-0.0219  	0.01930  	0.00470  	-0.0346  	0.03351  	0.00835  	0.00385  	0.03079  	-0.0053  	-0.0069  	-0.0242  	0.03589  	-0.0073  	0.02253  	-0.2797  	
0.13382  	0.09731  	0.17309  	0.56168  	-0.0326  	0.48425  	0.11102  	-0.4862  	0.25091  	-0.0563  	0.29771  	0.35773  	-0.0001  	-0.4043  	-0.7994  	0.91132  	-0.0648  	0.19384  	-0.2736  	0.33520  	0.19001  	-0.2112  	-0.4522  	0.35257  	-0.2614  	-0.1500  	-0.2943  	-0.3432  	-0.3278  	-0.1564  	-0.1990  	0.27376  	0.28236  	-0.0651  	0.30039  	0.12032  	0.30324  	0.06359  	-0.2506  	0.16408  	-0.0335  	0.02970  	0.01763  	-0.0297  	-0.0835  	-0.0425  	0.03477  	0.00510  	0.04747  	-0.0083  	0.00027  	0.01903  	0.00153  	0.03188  	0.00265  	-0.0219  	0.01967  	0.00469  	-0.0349  	0.03344  	0.00812  	0.00355  	0.03104  	-0.0052  	-0.0069  	-0.0242  	0.03589  	-0.0073  	0.02253  	-0.2797  	
0.14938  	0.09892  	0.17736  	0.58257  	-0.0139  	0.50187  	0.11722  	-0.4847  	0.24833  	-0.0623  	0.26034  	0.34919  	0.01807  	-0.3860  	-0.7935  	0.91379  	-0.0648  	0.19792  	-0.2692  	0.33663  	0.17484  	-0.2008  	-0.4610  	0.36157  	-0.2439  	-0.1500  	-0.2798  	-0.3462  	-0.3076  	-0.1493  	-0.2020  	0.26885  	0.27912  	-0.0650  	0.30431  	0.13046  	0.28238  	0.05243  	-0.2392  	0.17335  	-0.0469  	0.03225  	0.01669  	-0.0295  	-0.0826  	-0.0428  	0.03464  	0.00926  	0.05181  	-0.0085  	0.00551  	0.01756  	0.00142  	0.02974  	0.00304  	-0.0215  	0.01903  	0.00562  	-0.0358  	0.03264  	0.00649  	0.00441  	0.03505  	-0.0058  	-0.0069  	-0.0242  	0.03589  	-0.0073  	0.02253  	-0.2797  	
0.16212  	0.09160  	0.18918  	0.61774  	0.01096  	0.53131  	0.11939  	-0.4892  	0.23014  	-0.0582  	0.21485  	0.33209  	0.03756  	-0.3557  	-0.7824  	0.90170  	-0.0693  	0.19922  	-0.2738  	0.33416  	0.15500  	-0.1976  	-0.4760  	0.35778  	-0.2087  	-0.1532  	-0.2799  	-0.3228  	-0.2657  	-0.1378  	-0.2036  	0.26241  	0.27328  	-0.0659  	0.29914  	0.14578  	0.25602  	0.02858  	-0.2323  	0.18157  	-0.0535  	0.03667  	0.00904  	-0.0283  	-0.0801  	-0.0424  	0.03293  	0.01333  	0.05509  	-0.0086  	0.01000  	0.01601  	0.00282  	0.02620  	0.00351  	-0.0201  	0.01858  	0.00579  	-0.0352  	0.03351  	0.00722  	0.00545  	0.03817  	-0.0055  	-0.0069  	-0.0242  	0.03589  	-0.0073  	0.02253  	-0.2797  	
0.17514  	0.07394  	0.18895  	0.65059  	0.04431  	0.56360  	0.12102  	-0.4912  	0.22261  	-0.0674  	0.19157  	0.32589  	0.05118  	-0.3432  	-0.7743  	0.88627  	-0.0694  	0.20542  	-0.2820  	0.34265  	0.14116  	-0.1900  	-0.4965  	0.34971  	-0.1942  	-0.1595  	-0.2930  	-0.3023  	-0.2443  	-0.1210  	-0.2025  	0.26295  	0.26965  	-0.0653  	0.30213  	0.16163  	0.24129  	0.01722  	-0.2257  	0.18413  	-0.0483  	0.04420  	0.00374  	-0.0334  	-0.0771  	-0.0401  	0.03150  	0.01680  	0.05967  	-0.0098  	0.01109  	0.01757  	0.00373  	0.02552  	0.00488  	-0.0180  	0.02013  	0.00600  	-0.0338  	0.03498  	0.00636  	0.00557  	0.03828  	-0.0063  	-0.0069  	-0.0242  	0.03589  	-0.0073  	0.02253  	-0.2797  	
0.07573  	0.06427  	0.13121  	0.58465  	0.04931  	0.46031  	0.13767  	-0.5286  	0.23050  	0.01034  	0.17203  	0.35925  	0.05125  	-0.4234  	-0.9050  	0.90086  	-0.1035  	0.28396  	-0.2814  	0.43318  	0.01807  	-0.2425  	-0.5700  	0.25313  	-0.2256  	-0.1329  	-0.4187  	-0.1528  	-0.1162  	-0.1424  	-0.2011  	0.24459  	0.31052  	-0.0623  	0.20576  	0.20293  	0.13131  	0.01494  	-0.1689  	0.21513  	0.02284  	0.02702  	0.03360  	-0.0262  	-0.0816  	-0.0446  	0.03793  	0.01785  	0.05258  	-0.0129  	0.01074  	0.01426  	-4.7639  	0.02514  	0.00681  	-0.0305  	0.03062  	0.00102  	-0.0316  	0.02901  	0.00645  	-0.0034  	0.03668  	-0.0058  	-0.0069  	-0.0242  	0.03589  	-0.0073  	0.02253  	-0.2797  	
-0.2147  	-0.0327  	-0.0413  	0.39459  	-0.0167  	0.27389  	0.13048  	-0.6754  	0.16777  	0.09891  	0.23029  	0.27236  	-0.0253  	-0.6047  	-1.0863  	0.81455  	-0.1085  	0.35698  	-0.2825  	0.47877  	-0.1576  	-0.2593  	-0.5986  	0.20854  	-0.1777  	-0.1191  	-0.4571  	-0.0021  	-0.0359  	-0.1486  	-0.1888  	0.21615  	0.26084  	-0.0542  	0.13436  	0.28577  	0.05514  	-0.0104  	-0.1646  	0.24549  	0.04402  	0.03282  	0.02465  	-0.0204  	-0.0831  	-0.0489  	0.04341  	0.00452  	0.03870  	-0.0228  	0.01472  	0.01907  	-0.0008  	0.02328  	0.00687  	-0.0396  	0.03401  	0.00470  	-0.0297  	0.02755  	0.00654  	-0.0020  	0.03726  	-0.0018  	-0.0069  	-0.0242  	0.03589  	-0.0073  	0.02253  	-0.2797  	
-0.2791  	-0.0602  	-0.0515  	0.31154  	-0.0990  	0.28929  	0.11739  	-0.7268  	0.12716  	0.04356  	0.26705  	0.23527  	-0.0737  	-0.7458  	-1.0974  	0.79453  	-0.0586  	0.29185  	-0.2858  	0.43368  	-0.1046  	-0.2411  	-0.5483  	0.24305  	-0.1663  	-0.1253  	-0.3953  	-0.0917  	-0.0722  	-0.1459  	-0.1944  	0.25264  	0.23398  	-0.0600  	0.13065  	0.27929  	0.12764  	0.01044  	-0.1821  	0.21225  	0.06201  	0.02199  	0.02899  	-0.0242  	-0.0680  	-0.0467  	0.04089  	-0.0154  	0.03864  	-0.0133  	0.01416  	0.01758  	0.00390  	0.02666  	0.00678  	-0.0393  	0.02908  	0.00956  	-0.0273  	0.02702  	0.00133  	-0.0086  	0.03667  	-0.0030  	-0.0069  	-0.0242  	0.03589  	-0.0073  	0.02253  	-0.2797  	
-0.2625  	-0.0570  	-0.0505  	0.34816  	-0.0710  	0.31365  	0.07205  	-0.6869  	0.13042  	-0.0005  	0.22004  	0.27633  	-0.0666  	-0.7293  	-1.0145  	0.78775  	-0.0575  	0.27246  	-0.2789  	0.42434  	-0.0963  	-0.2144  	-0.5041  	0.23803  	-0.1779  	-0.1246  	-0.3884  	-0.0886  	-0.0944  	-0.1433  	-0.1959  	0.24309  	0.23895  	-0.0551  	0.13501  	0.26980  	0.12058  	0.02065  	-0.1878  	0.22121  	0.03680  	0.02908  	0.01491  	-0.0276  	-0.0795  	-0.0514  	0.04257  	-0.0110  	0.04000  	-0.0146  	0.01168  	0.01813  	-0.0001  	0.02931  	0.00604  	-0.0396  	0.03420  	0.00459  	-0.0284  	0.02660  	0.00420  	-0.0107  	0.03789  	-0.0021  	-0.0069  	-0.0242  	0.03589  	-0.0073  	0.02253  	-0.2797  	
-0.1691  	-0.0334  	-0.0330  	0.44289  	0.01773  	0.31131  	0.12524  	-0.6935  	0.15988  	0.05189  	0.17903  	0.31275  	-0.0302  	-0.6723  	-1.0156  	0.81354  	-0.1099  	0.33998  	-0.2810  	0.48092  	-0.1604  	-0.2522  	-0.6068  	0.19730  	-0.1916  	-0.1314  	-0.4591  	0.01980  	-0.0171  	-0.1355  	-0.1928  	0.23272  	0.25368  	-0.0462  	0.13879  	0.30387  	0.05455  	-0.0199  	-0.1612  	0.25576  	0.03181  	0.03480  	0.01637  	-0.0245  	-0.0802  	-0.0515  	0.03791  	-0.0046  	0.04136  	-0.0181  	0.01702  	0.01396  	-0.0005  	0.02235  	0.01201  	-0.0335  	0.03508  	0.00492  	-0.0283  	0.03032  	-0.0030  	-0.0020  	0.03403  	-0.0010  	-0.0069  	-0.0242  	0.03589  	-0.0073  	0.02253  	-0.2797  	
-0.1018  	-0.0261  	0.06708  	0.38927  	-0.0204  	0.30364  	0.15087  	-0.7059  	0.16838  	0.10469  	0.23127  	0.29538  	-0.0382  	-0.6556  	-1.1135  	0.88199  	-0.1198  	0.35472  	-0.2851  	0.53874  	-0.1914  	-0.2696  	-0.6294  	0.18317  	-0.1905  	-0.1382  	-0.5147  	0.03684  	-0.0164  	-0.1355  	-0.1960  	0.23068  	0.25331  	-0.0429  	0.13726  	0.33256  	0.05496  	-0.0240  	-0.1557  	0.25761  	0.03328  	0.02655  	0.02351  	-0.0277  	-0.0767  	-0.0468  	0.03814  	0.00763  	0.05017  	-0.0168  	0.02541  	0.01577  	-0.0005  	0.01947  	0.01133  	-0.0334  	0.03479  	0.00716  	-0.0334  	0.02733  	0.00230  	-0.0056  	0.03946  	-0.0013  	-0.0069  	-0.0242  	0.03589  	-0.0073  	0.02253  	-0.2797  	
-0.2492  	-0.0692  	-0.0640  	0.40402  	-0.0239  	0.26540  	0.11182  	-0.7172  	0.14009  	0.04223  	0.23183  	0.25628  	-0.0627  	-0.6829  	-1.0880  	0.82422  	-0.0971  	0.30640  	-0.2730  	0.47812  	-0.1191  	-0.2613  	-0.6119  	0.24492  	-0.1344  	-0.1467  	-0.4204  	-0.0120  	-0.0308  	-0.1189  	-0.2041  	0.24392  	0.23105  	-0.0608  	0.14913  	0.33034  	0.10013  	-0.0203  	-0.1805  	0.24889  	0.01732  	0.03218  	0.00783  	-0.0231  	-0.0727  	-0.0483  	0.04015  	-0.0049  	0.03795  	-0.0145  	0.01924  	0.01569  	0.00046  	0.02178  	0.00895  	-0.0365  	0.03459  	0.00812  	-0.0287  	0.02815  	-0.0016  	-0.0098  	0.03972  	0.00039  	-0.0069  	-0.0242  	0.03589  	-0.0073  	0.02253  	-0.2797  	
-0.2426  	-0.0645  	-0.0968  	0.49329  	0.02819  	0.27813  	0.07493  	-0.6960  	0.15572  	-0.0173  	0.15715  	0.33266  	-0.0368  	-0.6075  	-0.8853  	0.74173  	-0.0754  	0.26370  	-0.2834  	0.42415  	-0.0801  	-0.2139  	-0.5382  	0.27535  	-0.1641  	-0.1287  	-0.3901  	-0.0649  	-0.0852  	-0.1263  	-0.2007  	0.24582  	0.23513  	-0.0545  	0.18086  	0.25540  	0.11012  	-0.0145  	-0.1892  	0.23170  	-0.0070  	0.04018  	-0.0049  	-0.0297  	-0.0738  	-0.0480  	0.04056  	-0.0083  	0.03888  	-0.0143  	0.01252  	0.01767  	-0.0019  	0.02519  	0.00213  	-0.0355  	0.03359  	0.00701  	-0.0258  	0.02627  	0.00364  	-0.0055  	0.03343  	-0.0074  	-0.0069  	-0.0242  	0.03589  	-0.0073  	0.02253  	-0.2797  	
-0.1350  	-0.0265  	-0.0244  	0.46659  	0.00380  	0.33491  	0.10530  	-0.6660  	0.16690  	0.00724  	0.17821  	0.30743  	-0.0430  	-0.5953  	-0.9541  	0.79987  	-0.0887  	0.30218  	-0.2699  	0.45014  	-0.0861  	-0.2284  	-0.5843  	0.22250  	-0.1762  	-0.1261  	-0.4452  	-0.0422  	-0.0600  	-0.1293  	-0.2104  	0.23225  	0.26101  	-0.0500  	0.16602  	0.24524  	0.11990  	-0.0101  	-0.1717  	0.22169  	0.02817  	0.03452  	0.02271  	-0.0228  	-0.0756  	-0.0469  	0.03879  	-0.0077  	0.04430  	-0.0203  	0.01421  	0.01519  	-0.0021  	0.02446  	0.00614  	-0.0330  	0.03420  	-0.0004  	-0.0281  	0.02917  	-0.0007  	-0.0013  	0.02893  	-0.0028  	-0.0069  	-0.0242  	0.03589  	-0.0073  	0.02253  	-0.2797  	
-0.0920  	-0.0431  	0.02842  	0.54132  	0.06559  	0.41673  	0.09320  	-0.6612  	0.16411  	0.00221  	0.21564  	0.36404  	-0.0562  	-0.5710  	-0.9892  	0.90485  	-0.1033  	0.28056  	-0.2436  	0.47891  	-0.0773  	-0.2214  	-0.6207  	0.31463  	-0.1755  	-0.1364  	-0.3863  	-0.0411  	-0.1136  	-0.1354  	-0.2182  	0.25245  	0.25633  	-0.0509  	0.24120  	0.25831  	0.12772  	-0.0138  	-0.2027  	0.22297  	-0.0186  	0.03907  	0.00732  	-0.0173  	-0.0640  	-0.0477  	0.03762  	-0.0014  	0.04248  	-0.0151  	0.02500  	0.01150  	-0.0034  	0.01876  	0.00256  	-0.0304  	0.03856  	0.00429  	-0.0286  	0.03252  	-0.0024  	0.00055  	0.02441  	-0.0045  	-0.0069  	-0.0242  	0.03589  	-0.0073  	0.02253  	-0.2797  	
0.09139  	0.03982  	0.04325  	0.69567  	0.16240  	0.35163  	0.11309  	-0.6503  	0.10556  	0.02771  	0.08994  	0.36173  	0.03995  	-0.4063  	-0.6606  	0.78547  	-0.1108  	0.23297  	-0.2851  	0.38736  	0.02212  	-0.1451  	-0.5791  	0.38939  	-0.2326  	-0.1267  	-0.2725  	-0.2326  	-0.2348  	-0.1309  	-0.2003  	0.26421  	0.23808  	-0.0711  	0.28208  	0.21594  	0.19438  	-0.0151  	-0.2317  	0.25654  	-0.0620  	0.06770  	-0.0179  	-0.0175  	-0.0782  	-0.0441  	0.03121  	0.00198  	0.06080  	-0.0060  	0.00712  	0.00842  	-0.0055  	0.02154  	0.00204  	-0.0270  	0.02912  	-0.0041  	-0.0222  	0.03515  	-0.0031  	0.00257  	0.01721  	-0.0194  	-0.0069  	-0.0242  	0.03589  	-0.0073  	0.02253  	-0.2797  	
0.23749  	0.05023  	0.21175  	0.71809  	0.08197  	0.53085  	0.16898  	-0.5830  	0.18079  	0.06057  	-0.0108  	0.23175  	0.13234  	-0.2155  	-0.5721  	0.70861  	-0.1077  	0.20773  	-0.3027  	0.34999  	-0.0113  	-0.1346  	-0.5254  	0.34290  	-0.1322  	-0.1681  	-0.2979  	-0.3086  	-0.1379  	-0.0921  	-0.1980  	0.25358  	0.25202  	-0.0572  	0.27411  	0.21171  	0.15296  	0.00380  	-0.1761  	0.25518  	-0.0555  	0.05339  	0.00225  	-0.0304  	-0.0834  	-0.0413  	0.02243  	0.02948  	0.06032  	-0.0160  	0.01704  	0.01580  	-0.0008  	0.01932  	0.00945  	-0.0200  	0.02144  	-0.0020  	-0.0341  	0.03923  	0.00368  	-0.0003  	0.02972  	-0.0069  	-0.0069  	-0.0242  	0.03589  	-0.0073  	0.02253  	-0.2797  	
0.24549  	0.07967  	0.19465  	0.83114  	0.13930  	0.61877  	0.18948  	-0.5034  	0.24481  	0.02924  	-0.1029  	0.20982  	0.16387  	-0.2473  	-0.6749  	0.81605  	-0.0667  	0.21545  	-0.2846  	0.28088  	-0.0441  	-0.0871  	-0.5122  	0.28174  	-0.0604  	-0.1615  	-0.2894  	-0.2450  	-0.0605  	-0.0588  	-0.2181  	0.23362  	0.24254  	-0.0547  	0.16350  	0.19592  	0.12413  	-0.0145  	-0.1232  	0.26215  	-0.0261  	0.05014  	0.03702  	-0.0134  	-0.0913  	-0.0479  	0.01929  	0.04274  	0.07488  	-0.0144  	0.01010  	0.01667  	0.00270  	0.03030  	0.01013  	-0.0167  	0.01734  	-0.0027  	-0.0321  	0.03794  	0.00305  	0.00470  	0.02782  	-0.0117  	-0.0069  	-0.0242  	0.03589  	-0.0073  	0.02253  	-0.2797  	
0.14057  	0.09531  	0.13698  	0.74319  	0.15873  	0.48504  	0.18675  	-0.5573  	0.20647  	0.09536  	-0.0971  	0.20688  	0.15902  	-0.1573  	-0.6271  	0.70172  	-0.1036  	0.21616  	-0.3020  	0.33214  	-0.0548  	-0.1172  	-0.6002  	0.30371  	-0.0446  	-0.1862  	-0.2596  	-0.2667  	-0.0623  	-0.0547  	-0.2003  	0.22811  	0.23877  	-0.0669  	0.25845  	0.22152  	0.11519  	-0.0384  	-0.1413  	0.30140  	-0.0438  	0.04909  	0.00639  	-0.0200  	-0.0864  	-0.0334  	0.02109  	0.02556  	0.06495  	-0.0098  	0.01668  	0.01471  	-0.0064  	0.01756  	0.00862  	-0.0189  	0.02142  	0.00076  	-0.0323  	0.03911  	0.00122  	0.00632  	0.02426  	-0.0148  	-0.0069  	-0.0242  	0.03589  	-0.0073  	0.02253  	-0.2797  	
-0.1001  	-0.0084  	-0.0598  	0.58499  	0.12490  	0.27809  	0.18207  	-0.6209  	0.15717  	0.05705  	0.09989  	0.26385  	0.04636  	-0.3482  	-0.7229  	0.73337  	-0.1109  	0.24387  	-0.3119  	0.40604  	-0.0148  	-0.1687  	-0.5864  	0.36229  	-0.1755  	-0.1446  	-0.3322  	-0.1937  	-0.1041  	-0.1206  	-0.2057  	0.23238  	0.26939  	-0.0595  	0.28519  	0.20998  	0.13000  	-0.0408  	-0.1925  	0.30653  	-0.0595  	0.06866  	0.00174  	-0.0214  	-0.0821  	-0.0403  	0.03981  	0.00840  	0.04933  	-0.0251  	0.01229  	0.01502  	-0.0160  	0.02490  	0.00048  	-0.0284  	0.02633  	-0.0029  	-0.0233  	0.03351  	0.00761  	-0.0007  	0.02003  	-0.0085  	-0.0069  	-0.0242  	0.03589  	-0.0073  	0.02253  	-0.2797  	
-0.3259  	-0.0799  	-0.0723  	0.21729  	-0.0621  	0.19507  	0.13433  	-0.7198  	0.14389  	0.12293  	0.28039  	0.24247  	-0.0369  	-0.7098  	-1.1015  	0.76855  	-0.0851  	0.33844  	-0.2719  	0.48935  	-0.0724  	-0.2646  	-0.5470  	0.25948  	-0.2111  	-0.1169  	-0.4569  	-0.1013  	-0.1276  	-0.1615  	-0.1880  	0.21232  	0.25801  	-0.0396  	0.16055  	0.26408  	0.10922  	-0.0009  	-0.1857  	0.24767  	0.02447  	0.02912  	0.01058  	-0.0344  	-0.0803  	-0.0443  	0.03997  	0.00128  	0.03810  	-0.0129  	0.01085  	0.01107  	-0.0040  	0.02993  	0.00882  	-0.0383  	0.03173  	-0.0014  	-0.0267  	0.03442  	0.00247  	-0.0054  	0.04051  	0.00146  	-0.0069  	-0.0242  	0.03589  	-0.0073  	0.02253  	-0.2797  	
-0.3819  	-0.0932  	-0.1075  	0.28505  	-0.0805  	0.23254  	0.10022  	-0.7361  	0.11943  	0.0555  	0.22860  	0.23105  	-0.0737  	-0.7624  	-1.1053  	0.76694  	-0.0580  	0.32469  	-0.2588  	0.43472  	-0.1555  	-0.2182  	-0.5076  	0.20587  	-0.1673  	-0.1198  	-0.4459  	-0.0445  	-0.0261  	-0.1295  	-0.1793  	0.21785  	0.21444  	-0.0545  	0.06848  	0.28908  	0.07659  	-0.0059  	-0.1604  	0.23176  	0.06485  	0.02305  	0.02687  	-0.0186  	-0.0765  	-0.0476  	0.04197  	-0.0070  	0.03383  	-0.0184  	0.00512  	0.01853  	-0.0014  	0.02832  	0.00622  	-0.0398  	0.03048  	0.00430  	-0.0282  	0.02969  	0.00692  	-0.0027  	0.03311  	-0.0026  	-0.0069  	-0.0242  	0.03589  	-0.0073  	0.02253  	-0.2797  	
-0.3684  	-0.0806  	-0.1213  	0.31413  	-0.0704  	0.22087  	0.10792  	-0.7404  	0.14586  	0.07297  	0.13263  	0.28236  	-0.0271  	-0.7614  	-1.0727  	0.77458  	-0.0507  	0.34862  	-0.2875  	0.46627  	-0.2217  	-0.2180  	-0.5286  	0.13828  	-0.2023  	-0.0832  	-0.5311  	0.04274  	0.04522  	-0.1412  	-0.1602  	0.20360  	0.23946  	-0.0371  	-0.0092  	0.27866  	0.00233  	-0.0166  	-0.1222  	0.25273  	0.08353  	0.01181  	0.05320  	-0.0115  	-0.0840  	-0.0500  	0.03918  	0.00906  	0.03861  	-0.0119  	0.00770  	0.01608  	0.00044  	0.02261  	0.01010  	-0.0403  	0.02729  	0.00104  	-0.0297  	0.02677  	0.00645  	-0.0007  	0.03435  	0.00044  	-0.0069  	-0.0242  	0.03589  	-0.0073  	0.02253  	-0.2797  	
-0.3378  	-0.0325  	-0.0493  	0.31426  	-0.0615  	0.20942  	0.08031  	-0.6645  	0.13891  	0.04077  	0.16243  	0.28647  	0.01643  	-0.7534  	-1.0278  	0.72032  	0.03751  	0.20506  	-0.2333  	0.24209  	-0.1303  	-0.4090  	-0.7206  	0.17176  	-0.2655  	-0.0213  	-0.5215  	-0.0423  	0.08082  	-0.1683  	-0.0787  	0.16702  	0.17145  	-0.1731  	-0.0287  	0.23555  	-0.0434  	-0.0149  	-0.2273  	0.17461  	0.15026  	0.11615  	-0.0417  	0.04759  	-0.1328  	-0.0320  	0.01887  	0.02196  	0.02857  	-0.0192  	0.01198  	0.01863  	-0.0020  	0.03662  	0.01125  	-0.0378  	0.02889  	-0.0072  	-0.0281  	0.03223  	0.01123  	0.00245  	0.02169  	-0.0015  	-0.0069  	-0.0242  	0.03589  	-0.0073  	0.02253  	-0.2797  	
-0.2760  	-0.0416  	-0.0188  	0.40723  	-0.0194  	0.24735  	0.02680  	-0.6198  	0.10887  	0.00090  	0.21611  	0.31298  	0.01268  	-0.7889  	-0.9536  	0.71476  	0.06654  	0.06411  	-0.1772  	0.08199  	-0.0181  	-0.5734  	-0.9158  	0.23554  	-0.2926  	0.02637  	-0.4300  	-0.1482  	0.07721  	-0.1693  	-0.0146  	0.16960  	0.09666  	-0.2902  	0.02239  	0.23647  	-0.0542  	-0.0133  	-0.3377  	0.12343  	0.14038  	0.21500  	-0.1428  	0.09051  	-0.1644  	-0.0197  	0.00295  	0.02297  	0.01428  	-0.0304  	0.02220  	0.02308  	0.00228  	0.04982  	0.01304  	-0.0390  	0.02767  	-0.0113  	-0.0259  	0.03737  	0.00760  	-0.0071  	0.01253  	-0.0033  	-0.0069  	-0.0242  	0.03589  	-0.0073  	0.02253  	-0.2797  	
-0.1617  	-0.0308  	0.03956  	0.53712  	0.08011  	0.25125  	0.05918  	-0.6327  	0.09213  	0.01867  	0.17317  	0.36887  	0.01619  	-0.8004  	-0.9480  	0.80968  	0.04749  	0.05296  	-0.1670  	0.06154  	-0.0949  	-0.6149  	-1.0214  	0.22874  	-0.2650  	0.03277  	-0.4641  	-0.1080  	0.09694  	-0.1622  	0.00052  	0.15688  	0.07076  	-0.3139  	0.01191  	0.28418  	-0.0943  	-0.0316  	-0.3440  	0.13423  	0.14234  	0.23043  	-0.1678  	0.10384  	-0.1769  	-0.0094  	0.00207  	0.03456  	0.01910  	-0.0348  	0.03235  	0.02334  	0.00304  	0.05060  	0.01683  	-0.0382  	0.03337  	-0.0149  	-0.0297  	0.04251  	0.00686  	-0.0124  	0.01102  	-0.0027  	-0.0069  	-0.0242  	0.03589  	-0.0073  	0.02253  	-0.2797  	
-0.1066  	-0.0585  	0.03959  	0.63485  	0.15158  	0.23514  	0.11568  	-0.6588  	0.11345  	0.12403  	0.15925  	0.40853  	0.02803  	-0.7694  	-1.0244  	0.87906  	-0.0177  	0.13664  	-0.1890  	0.14064  	-0.1893  	-0.5451  	-1.0640  	0.23206  	-0.1879  	0.00747  	-0.4600  	-0.0514  	0.19299  	-0.1168  	-0.0586  	0.16784  	0.08254  	-0.2784  	0.01962  	0.33977  	-0.1470  	-0.0329  	-0.3043  	0.16936  	0.13062  	0.23559  	-0.1337  	0.09612  	-0.1698  	-0.0142  	-0.0030  	0.04608  	0.03373  	-0.0401  	0.04025  	0.01794  	1.76213  	0.04854  	0.01883  	-0.0328  	0.03699  	-0.0076  	-0.0241  	0.04815  	0.00079  	-0.0161  	0.01072  	-0.0014  	-0.0069  	-0.0242  	0.03589  	-0.0073  	0.02253  	-0.2797  	
-0.0917  	-0.0717  	-0.0012  	0.62630  	0.14661  	0.30135  	0.12186  	-0.7023  	0.13086  	0.10453  	0.11602  	0.35801  	0.01844  	-0.7526  	-1.0666  	0.90115  	-0.0674  	0.22260  	-0.2269  	0.30147  	-0.2378  	-0.4060  	-0.9236  	0.25155  	-0.0957  	-0.0639  	-0.4018  	0.01241  	0.14736  	-0.0787  	-0.1294  	0.21442  	0.13197  	-0.1734  	0.06810  	0.37428  	-0.0792  	-0.0291  	-0.2258  	0.20926  	0.07674  	0.14698  	-0.0636  	0.04441  	-0.1281  	-0.0316  	0.00738  	0.03608  	0.05017  	-0.0373  	0.04115  	0.01246  	0.00226  	0.04121  	0.01518  	-0.0300  	0.04122  	-0.0014  	-0.0177  	0.04119  	-0.0034  	-0.0157  	0.02549  	1.19686  	-0.0069  	-0.0242  	0.03589  	-0.0073  	0.02253  	-0.2797  	
-0.0898  	-0.0582  	-0.0770  	0.58857  	0.12018  	0.37376  	0.12896  	-0.7560  	0.12931  	0.07182  	0.05037  	0.29082  	-0.0354  	-0.6964  	-1.0718  	0.86917  	-0.1051  	0.33618  	-0.2700  	0.47972  	-0.2274  	-0.2230  	-0.6572  	0.26645  	-0.0340  	-0.1461  	-0.3872  	0.06673  	0.05891  	-0.0687  	-0.2269  	0.24771  	0.18913  	-0.0555  	0.13367  	0.37638  	0.00711  	-0.0306  	-0.1328  	0.26801  	0.01815  	0.03808  	0.01729  	-0.0149  	-0.0793  	-0.0451  	0.02535  	0.01224  	0.04884  	-0.0242  	0.03672  	0.01298  	-0.0004  	0.02059  	0.01185  	-0.0300  	0.04410  	0.00902  	-0.0223  	0.02800  	-0.0047  	-0.0157  	0.03819  	-0.0046  	-0.0069  	-0.0242  	0.03589  	-0.0073  	0.02253  	-0.2797  	
-0.0134  	0.00466  	-0.0710  	0.66919  	0.14941  	0.36534  	0.15090  	-0.6842  	0.11808  	0.04147  	-0.0033  	0.30519  	0.01129  	-0.5175  	-0.9179  	0.75037  	-0.1048  	0.28476  	-0.2654  	0.44332  	-0.1584  	-0.1612  	-0.6089  	0.27889  	-0.0116  	-0.1691  	-0.3020  	-0.0158  	0.04263  	-0.0656  	-0.2523  	0.23062  	0.22592  	-0.0420  	0.18621  	0.31570  	0.04077  	-0.0526  	-0.1186  	0.27184  	-0.0237  	0.04529  	0.01563  	-0.0049  	-0.0677  	-0.0402  	0.03344  	0.02422  	0.05125  	-0.0275  	0.02724  	0.01280  	0.00474  	0.02028  	0.00588  	-0.0313  	0.03717  	0.00542  	-0.0223  	0.02787  	-0.0049  	-0.0219  	0.02964  	-0.0066  	-0.0069  	-0.0242  	0.03589  	-0.0073  	0.02253  	-0.2797  	
0.03312  	0.04355  	-0.0368  	0.74488  	0.15403  	0.45674  	0.16813  	-0.6131  	0.15680  	-0.0480  	-0.0239  	0.33190  	0.03078  	-0.4474  	-0.7715  	0.72935  	-0.1025  	0.27429  	-0.2777  	0.45481  	-0.0569  	-0.1804  	-0.5974  	0.22506  	-0.0407  	-0.1649  	-0.3069  	-0.0432  	0.01903  	-0.0638  	-0.2535  	0.22614  	0.23638  	-0.0390  	0.21321  	0.25024  	0.06005  	-0.0332  	-0.1161  	0.27985  	-0.0514  	0.05725  	-0.0044  	-0.0010  	-0.0754  	-0.0463  	0.03253  	0.01678  	0.04836  	-0.0266  	0.02196  	0.01438  	-0.0006  	0.02678  	0.01033  	-0.0259  	0.03238  	0.00491  	-0.0268  	0.02502  	0.00013  	-0.0095  	0.02996  	-0.0075  	-0.0069  	-0.0242  	0.03589  	-0.0073  	0.02253  	-0.2797  	
0.07385  	0.03459  	0.05293  	0.70100  	0.12836  	0.47884  	0.16992  	-0.5845  	0.19167  	-0.0549  	0.05956  	0.33039  	0.01324  	-0.4589  	-0.7355  	0.80384  	-0.0996  	0.28271  	-0.3105  	0.44704  	0.00703  	-0.1798  	-0.5698  	0.26235  	-0.1190  	-0.1577  	-0.3588  	-0.1083  	-0.0650  	-0.1094  	-0.2332  	0.24773  	0.25300  	-0.0566  	0.22605  	0.23366  	0.12621  	-0.0120  	-0.1653  	0.25885  	-0.0486  	0.05795  	-0.0028  	-0.0170  	-0.0868  	-0.0482  	0.03116  	0.00324  	0.04492  	-0.0124  	0.02204  	0.01091  	-0.0020  	0.02862  	0.00885  	-0.0295  	0.03293  	0.00272  	-0.0246  	0.03279  	-0.0032  	-0.0032  	0.02819  	-0.0116  	-0.0069  	-0.0242  	0.03589  	-0.0073  	0.02253  	-0.2797  	
0.05387  	0.01812  	0.08126  	0.58428  	0.09315  	0.43973  	0.15339  	-0.5888  	0.19241  	0.01477  	0.16788  	0.35069  	-0.0150  	-0.5559  	-0.9011  	0.89863  	-0.0938  	0.33422  	-0.2736  	0.48376  	-0.0289  	-0.2229  	-0.6190  	0.27753  	-0.1640  	-0.1685  	-0.4129  	-0.0738  	-0.0492  	-0.1445  	-0.2362  	0.23059  	0.26240  	-0.0562  	0.20001  	0.25266  	0.11916  	-0.0167  	-0.1685  	0.28970  	0.00472  	0.03122  	0.00430  	-0.0105  	-0.0849  	-0.0469  	0.03736  	0.01613  	0.05121  	-0.0196  	0.01923  	0.00967  	-0.0017  	0.02228  	0.01380  	-0.0323  	0.03627  	0.00431  	-0.0341  	0.03213  	-0.0044  	-0.0151  	0.02893  	-0.0066  	-0.0069  	-0.0242  	0.03589  	-0.0073  	0.02253  	-0.2797  	
-0.0225  	-0.0230  	0.09675  	0.42768  	-0.0044  	0.35144  	0.16657  	-0.6719  	0.14627  	0.07921  	0.16328  	0.26744  	-0.0126  	-0.5994  	-1.0843  	0.91098  	-0.1321  	0.38455  	-0.2888  	0.52622  	-0.1785  	-0.2533  	-0.6617  	0.20178  	-0.1517  	-0.1440  	-0.4640  	0.00131  	0.01559  	-0.1076  	-0.1940  	0.23122  	0.25181  	-0.0437  	0.13923  	0.34149  	0.05531  	-0.0161  	-0.1435  	0.26885  	0.03649  	0.02118  	0.02127  	-0.0271  	-0.0798  	-0.0447  	0.03302  	0.01491  	0.05187  	-0.0162  	0.02887  	0.01299  	0.00223  	0.01683  	0.01472  	-0.0366  	0.03724  	0.00915  	-0.0372  	0.02836  	-0.0031  	-0.0180  	0.03490  	-0.0049  	-0.0069  	-0.0242  	0.03589  	-0.0073  	0.02253  	-0.2797  	
-0.2795  	-0.0815  	-0.0686  	0.34802  	-0.0308  	0.26713  	0.14181  	-0.7196  	0.12974  	0.08143  	0.24186  	0.24218  	-0.0195  	-0.6587  	-1.1154  	0.81431  	-0.1282  	0.30915  	-0.3145  	0.50010  	-0.1583  	-0.2376  	-0.6078  	0.25467  	-0.0812  	-0.1432  	-0.4057  	-0.0091  	-0.0224  	-0.1164  	-0.1920  	0.23882  	0.23790  	-0.0577  	0.15734  	0.35245  	0.07326  	-0.0222  	-0.1758  	0.26333  	0.02192  	0.04741  	0.01031  	-0.0246  	-0.0691  	-0.0430  	0.04620  	-0.0089  	0.03953  	-0.0159  	0.02116  	0.01617  	-0.0018  	0.02337  	0.00308  	-0.0371  	0.03241  	0.00916  	-0.0278  	0.02915  	-0.0020  	-0.0103  	0.03857  	-0.0020  	-0.0069  	-0.0242  	0.03589  	-0.0073  	0.02253  	-0.2797  	
-0.3679  	-0.1252  	-0.1551  	0.28877  	-0.0834  	0.20171  	0.12767  	-0.7177  	0.13693  	0.02944  	0.24623  	0.22394  	-0.0787  	-0.6844  	-1.0400  	0.69434  	-0.0759  	0.31110  	-0.2797  	0.46107  	-0.1153  	-0.2543  	-0.5535  	0.24370  	-0.1398  	-0.1255  	-0.4008  	-0.0194  	-0.0451  	-0.1487  	-0.1909  	0.23273  	0.22493  	-0.0472  	0.15822  	0.30084  	0.08070  	-0.0102  	-0.1808  	0.22673  	0.02720  	0.02448  	0.00698  	-0.0173  	-0.0602  	-0.0486  	0.03281  	-0.0120  	0.02891  	-0.0105  	0.00983  	0.01859  	-0.0008  	0.02532  	0.00499  	-0.0384  	0.03871  	0.01104  	-0.0304  	0.02894  	0.00022  	-0.0130  	0.03544  	-0.0027  	-0.0069  	-0.0242  	0.03589  	-0.0073  	0.02253  	-0.2797  	
-0.0914  	-0.0198  	-0.0084  	0.55557  	0.06424  	0.36540  	0.10955  	-0.6243  	0.16840  	0.02596  	0.16065  	0.36911  	0.01229  	-0.5043  	-0.7946  	0.78701  	-0.0844  	0.26451  	-0.2979  	0.42431  	-0.0252  	-0.2096  	-0.5460  	0.32129  	-0.2087  	-0.1222  	-0.3720  	-0.1457  	-0.1277  	-0.1414  	-0.1889  	0.23927  	0.26853  	-0.0539  	0.21078  	0.20468  	0.14381  	-0.0156  	-0.1906  	0.25255  	-0.0088  	0.04383  	0.01213  	-0.0286  	-0.0758  	-0.0434  	0.04211  	-0.0086  	0.04115  	-0.0109  	0.01442  	0.01721  	-0.0048  	0.02171  	0.00533  	-0.0366  	0.02760  	0.00779  	-0.0262  	0.03122  	0.00526  	0.00172  	0.03205  	-0.0040  	-0.0069  	-0.0242  	0.03589  	-0.0073  	0.02253  	-0.2797  	
9.29116  	-0.0005  	-0.0046  	0.81016  	0.20685  	0.46532  	0.13036  	-0.6091  	0.19451  	-0.0154  	0.01232  	0.38450  	0.06330  	-0.4833  	-0.7780  	0.84070  	-0.1277  	0.30896  	-0.2979  	0.50145  	-0.1167  	-0.2320  	-0.6459  	0.25556  	-0.1382  	-0.1534  	-0.4423  	0.02593  	0.00068  	-0.0986  	-0.2203  	0.23337  	0.26507  	-0.0496  	0.18479  	0.23016  	0.02343  	-0.0265  	-0.1332  	0.29625  	-0.0107  	0.03543  	0.01619  	-0.0266  	-0.0758  	-0.0414  	0.02639  	0.01815  	0.05316  	-0.0132  	0.02693  	0.01303  	-0.0107  	0.01781  	0.01025  	-0.0329  	0.03563  	0.00810  	-0.0265  	0.03019  	-0.0066  	0.00011  	0.03361  	-0.0101  	-0.0069  	-0.0242  	0.03589  	-0.0073  	0.02253  	-0.2797  	
-0.0228  	-0.0010  	-0.0241  	0.84088  	0.23698  	0.46076  	0.12202  	-0.6715  	0.16894  	0.04268  	0.01091  	0.39971  	0.04938  	-0.4833  	-0.8596  	0.84947  	-0.1286  	0.30606  	-0.2958  	0.50916  	-0.1885  	-0.2192  	-0.6921  	0.26044  	-0.1034  	-0.1563  	-0.4297  	0.07229  	0.03403  	-0.0813  	-0.2242  	0.23746  	0.25883  	-0.0406  	0.16698  	0.26671  	0.01023  	-0.0383  	-0.1159  	0.28704  	-0.0180  	0.02728  	0.01437  	-0.0240  	-0.0784  	-0.0430  	0.02856  	0.02001  	0.05571  	-0.0146  	0.02424  	0.01442  	-0.0095  	0.02293  	0.01330  	-0.0342  	0.03809  	0.00466  	-0.0242  	0.03093  	-0.0030  	-0.0084  	0.04018  	-0.0077  	-0.0069  	-0.0242  	0.03589  	-0.0073  	0.02253  	-0.2797  	
-0.0832  	0.00545  	-0.1375  	0.85464  	0.32050  	0.40800  	0.13843  	-0.6504  	0.17109  	0.04358  	0.05254  	0.45014  	0.06948  	-0.3665  	-0.8491  	0.84016  	-0.1547  	0.30228  	-0.3230  	0.54084  	-0.1830  	-0.1955  	-0.7505  	0.25615  	-0.0902  	-0.1440  	-0.4366  	0.10941  	0.06741  	-0.0491  	-0.2403  	0.21302  	0.26350  	-0.0330  	0.19065  	0.28672  	-0.0242  	-0.0750  	-0.0988  	0.28889  	-0.0557  	0.06270  	0.00820  	-0.0364  	-0.0682  	-0.0472  	0.03373  	0.00994  	0.05557  	-0.0112  	0.01499  	0.00996  	-0.0050  	0.02814  	0.00437  	-0.0345  	0.04200  	0.00472  	-0.0259  	0.02274  	-0.0063  	-0.0111  	0.03054  	0.00258  	-0.0069  	-0.0242  	0.03589  	-0.0073  	0.02253  	-0.2797  	
-0.1655  	-0.0393  	-0.2146  	0.85793  	0.32910  	0.34623  	0.12769  	-0.6228  	0.18528  	0.01229  	0.06336  	0.50529  	0.08549  	-0.3754  	-0.8196  	0.79995  	-0.1469  	0.31431  	-0.2998  	0.55160  	-0.1886  	-0.2271  	-0.7412  	0.23075  	-0.1041  	-0.1284  	-0.4553  	0.11991  	0.05882  	-0.0621  	-0.2201  	0.19043  	0.28098  	-0.0176  	0.20904  	0.27969  	-0.0240  	-0.0785  	-0.0972  	0.25685  	-0.0686  	0.07177  	-0.0121  	-0.0376  	-0.0669  	-0.0462  	0.03150  	0.00931  	0.06279  	-0.0074  	0.01896  	0.00878  	-0.0031  	0.02400  	0.00356  	-0.0270  	0.04073  	0.00708  	-0.0170  	0.02370  	-0.0062  	-0.0114  	0.02189  	-0.0070  	-0.0069  	-0.0242  	0.03589  	-0.0073  	0.02253  	-0.2797  	
-0.1434  	0.00200  	-0.1182  	0.74082  	0.19752  	0.43035  	0.10672  	-0.5751  	0.18751  	-0.0333  	-0.0087  	0.45401  	0.05348  	-0.3822  	-0.7221  	0.80169  	-0.1029  	0.30585  	-0.2636  	0.47643  	-0.1350  	-0.2093  	-0.6323  	0.26544  	-0.1304  	-0.1260  	-0.4187  	0.03167  	0.02865  	-0.0787  	-0.2206  	0.20799  	0.26862  	-0.0456  	0.16918  	0.22652  	0.02672  	-0.0503  	-0.1199  	0.27338  	-0.0606  	0.04713  	0.00054  	-0.0198  	-0.0698  	-0.0467  	0.04325  	0.01145  	0.04665  	-0.0109  	0.01298  	0.01579  	-0.0038  	0.02426  	0.00096  	-0.0305  	0.03834  	0.00049  	-0.0240  	0.03115  	-0.0008  	-0.0111  	0.02603  	-0.0104  	-0.0069  	-0.0242  	0.03589  	-0.0073  	0.02253  	-0.2797  	
0.01072  	0.06720  	0.10052  	0.64014  	0.05235  	0.47011  	0.11766  	-0.5600  	0.19903  	-0.0044  	0.08762  	0.38950  	0.05032  	-0.3651  	-0.6821  	0.79797  	-0.0786  	0.24886  	-0.2786  	0.43324  	0.04822  	-0.1771  	-0.5237  	0.32055  	-0.2205  	-0.1533  	-0.3823  	-0.1680  	-0.1653  	-0.1549  	-0.1923  	0.23805  	0.27843  	-0.0597  	0.22486  	0.16794  	0.15536  	-0.0086  	-0.1696  	0.25103  	-0.0207  	0.02606  	0.00100  	-0.0153  	-0.0778  	-0.0434  	0.03162  	0.00335  	0.04549  	-0.0156  	0.00798  	0.01120  	-0.0037  	0.02282  	0.00080  	-0.0245  	0.02669  	0.00213  	-0.0279  	0.02570  	0.01098  	0.00803  	0.03263  	-0.0022  	-0.0069  	-0.0242  	0.03589  	-0.0073  	0.02253  	-0.2797  	
0.18318  	0.08841  	0.18906  	0.58663  	0.01849  	0.45148  	0.13821  	-0.5269  	0.22894  	-0.0038  	0.14922  	0.37325  	0.02121  	-0.4518  	-0.7980  	0.91686  	-0.1000  	0.25976  	-0.2632  	0.40720  	0.06881  	-0.2073  	-0.5361  	0.28554  	-0.2038  	-0.1536  	-0.3483  	-0.2371  	-0.1890  	-0.1339  	-0.2169  	0.27093  	0.28023  	-0.0565  	0.24501  	0.16860  	0.19736  	0.02302  	-0.1866  	0.21005  	-0.0159  	0.03433  	0.01836  	-0.0222  	-0.0759  	-0.0391  	0.02446  	0.01840  	0.05693  	-0.0118  	0.00393  	0.01325  	0.00393  	0.02552  	0.00707  	-0.0221  	0.02541  	0.00101  	-0.0299  	0.03450  	0.00480  	0.00031  	0.03285  	-0.0064  	-0.0069  	-0.0242  	0.03589  	-0.0073  	0.02253  	-0.2797  	
0.23183  	0.06296  	0.24301  	0.57028  	0.01602  	0.44733  	0.13744  	-0.5099  	0.23926  	0.02863  	0.29495  	0.40424  	-0.0130  	-0.4456  	-0.9087  	0.96296  	-0.1192  	0.23113  	-0.2727  	0.42165  	0.15886  	-0.2009  	-0.5125  	0.27286  	-0.1993  	-0.1624  	-0.3662  	-0.2811  	-0.2691  	-0.1417  	-0.2147  	0.27149  	0.28660  	-0.0572  	0.26342  	0.15372  	0.26784  	0.04528  	-0.1942  	0.18020  	-0.0179  	0.04074  	0.04074  	-0.0132  	-0.0720  	-0.0367  	0.02856  	0.02360  	0.06044  	-0.0150  	0.00702  	0.01326  	0.00315  	0.02778  	0.00495  	-0.0189  	0.02292  	0.00022  	-0.0299  	0.03637  	0.00182  	-0.0059  	0.03207  	-0.0108  	-0.0069  	-0.0242  	0.03589  	-0.0073  	0.02253  	-0.2797  	
0.15494  	0.01451  	0.22602  	0.56585  	0.05490  	0.45852  	0.14982  	-0.5823  	0.21677  	0.06430  	0.19850  	0.35121  	0.01652  	-0.4179  	-0.9761  	1.01919  	-0.1122  	0.25092  	-0.2827  	0.46052  	0.10667  	-0.2411  	-0.5860  	0.27450  	-0.1445  	-0.1874  	-0.3620  	-0.1719  	-0.1895  	-0.1189  	-0.2059  	0.26203  	0.29531  	-0.0645  	0.21826  	0.19370  	0.22047  	0.01095  	-0.1908  	0.21022  	0.02632  	0.01967  	0.03848  	-0.0205  	-0.0750  	-0.0387  	0.03655  	0.01734  	0.06436  	-0.0165  	0.01448  	0.01276  	0.00246  	0.02177  	0.00301  	-0.0289  	0.02532  	0.00405  	-0.0311  	0.03285  	0.00159  	-0.0074  	0.04210  	-0.0106  	-0.0069  	-0.0242  	0.03589  	-0.0073  	0.02253  	-0.2797  	
-0.2380  	-0.0733  	-0.0607  	0.51460  	0.05200  	0.27785  	0.13483  	-0.6781  	0.15981  	0.05999  	0.20022  	0.30608  	-0.0112  	-0.6178  	-0.9893  	0.80297  	-0.1286  	0.36107  	-0.2923  	0.48965  	-0.0800  	-0.2444  	-0.6034  	0.27059  	-0.1657  	-0.1373  	-0.4339  	-0.0386  	-0.0544  	-0.1231  	-0.1730  	0.23643  	0.26212  	-0.0542  	0.16203  	0.27518  	0.05186  	-0.0221  	-0.1617  	0.24528  	0.01655  	0.03371  	0.01803  	-0.0188  	-0.0729  	-0.0393  	0.03562  	-0.0084  	0.04687  	-0.0245  	0.01267  	0.01074  	0.00123  	0.02936  	0.00618  	-0.0377  	0.03528  	0.00850  	-0.0259  	0.02887  	0.00383  	-0.0128  	0.02678  	-0.0069  	-0.0069  	-0.0242  	0.03589  	-0.0073  	0.02253  	-0.2797  	
-0.3219  	-0.0696  	-0.0616  	0.34890  	-0.0578  	0.25314  	0.06565  	-0.6356  	0.11088  	-0.0006  	0.24255  	0.27705  	-0.0432  	-0.7560  	-1.0204  	0.69331  	0.01406  	0.19970  	-0.2263  	0.25593  	-0.0811  	-0.4167  	-0.7376  	0.24024  	-0.2227  	-0.0422  	-0.4256  	-0.0989  	0.05427  	-0.1414  	-0.0906  	0.17923  	0.14658  	-0.1894  	0.03935  	0.27060  	-0.0032  	-0.0140  	-0.2443  	0.16737  	0.10153  	0.12689  	-0.0787  	0.04196  	-0.1166  	-0.0291  	0.01906  	0.00885  	0.02475  	-0.0221  	0.01133  	0.01963  	0.00382  	0.03747  	0.01162  	-0.0391  	0.03618  	-0.0046  	-0.0268  	0.03868  	0.00741  	-0.0105  	0.01869  	0.00045  	-0.0069  	-0.0242  	0.03589  	-0.0073  	0.02253  	-0.2797  	
-0.2627  	-0.0432  	0.00619  	0.40543  	-0.0327  	0.28639  	0.06062  	-0.6064  	0.10728  	-0.0393  	0.22150  	0.32058  	0.03775  	-0.7743  	-0.9246  	0.70486  	0.06739  	0.05663  	-0.1928  	0.06727  	-0.0714  	-0.5557  	-0.9050  	0.25101  	-0.2590  	0.03445  	-0.4293  	-0.1073  	0.10314  	-0.1642  	-0.0134  	0.16368  	0.10939  	-0.2794  	-0.0032  	0.24975  	-0.0747  	-0.0114  	-0.3229  	0.12450  	0.15038  	0.22280  	-0.1368  	0.08745  	-0.1669  	-0.0206  	0.00407  	0.02444  	0.01664  	-0.0326  	0.02116  	0.02453  	0.00264  	0.04852  	0.01714  	-0.0420  	0.03018  	-0.0114  	-0.0279  	0.04223  	0.01333  	-0.0095  	0.01248  	0.00282  	-0.0069  	-0.0242  	0.03589  	-0.0073  	0.02253  	-0.2797  	
-0.0861  	-0.0023  	0.07413  	0.55031  	0.06896  	0.33601  	0.05064  	-0.5737  	0.10395  	0.01392  	0.18741  	0.40480  	0.04222  	-0.7362  	-0.9600  	0.81497  	0.03245  	0.05157  	-0.1633  	0.06906  	-0.0476  	-0.6091  	-1.0513  	0.25219  	-0.3377  	0.03386  	-0.4675  	-0.1366  	0.08156  	-0.1657  	-0.0133  	0.16411  	0.10842  	-0.3122  	0.07422  	0.25757  	-0.0902  	-0.0352  	-0.3326  	0.13735  	0.14063  	0.24647  	-0.1713  	0.10884  	-0.1742  	-0.0080  	-0.0052  	0.03943  	0.01749  	-0.0371  	0.03226  	0.01820  	0.00443  	0.04241  	0.01296  	-0.0383  	0.03507  	-0.0140  	-0.0295  	0.04713  	0.00301  	-0.0106  	0.00288  	-1.3354  	-0.0069  	-0.0242  	0.03589  	-0.0073  	0.02253  	-0.2797  	
0.13563  	0.05976  	0.20960  	0.69996  	0.16842  	0.40626  	0.08829  	-0.5496  	0.10622  	0.05286  	0.14847  	0.28605  	0.11889  	-0.5105  	-0.7452  	0.81296  	-0.0092  	0.00187  	-0.1730  	0.03948  	0.14060  	-0.5411  	-1.0183  	0.33777  	-0.3722  	-0.0010  	-0.3806  	-0.3324  	-0.1172  	-0.1744  	-0.0427  	0.21288  	0.11333  	-0.3137  	0.17316  	0.21037  	0.08532  	-0.0276  	-0.3589  	0.14764  	0.09298  	0.24160  	-0.1760  	0.10881  	-0.1610  	-0.0107  	-0.0045  	0.03454  	0.02848  	-0.0186  	0.02328  	0.02047  	0.00168  	0.04306  	0.01225  	-0.0329  	0.02129  	-0.0110  	-0.0326  	0.04525  	0.01334  	-0.0146  	0.00339  	-0.0061  	-0.0069  	-0.0242  	0.03589  	-0.0073  	0.02253  	-0.2797  	
0.24229  	0.07451  	0.20075  	0.78688  	0.17426  	0.43368  	0.14257  	-0.5624  	0.18090  	0.09940  	-0.0885  	0.27569  	0.19320  	-0.3340  	-0.5557  	0.69340  	-0.0381  	0.08942  	-0.2140  	0.17575  	-0.0656  	-0.2791  	-0.7427  	0.20609  	-0.1249  	-0.0782  	-0.3755  	-0.2815  	0.03982  	-0.0721  	-0.1030  	0.18207  	0.16060  	-0.1623  	0.13386  	0.21394  	0.00932  	-0.0196  	-0.2106  	0.19281  	0.03331  	0.14973  	-0.0690  	0.06268  	-0.1270  	-0.0372  	0.00303  	0.06376  	0.05321  	-0.0260  	0.02131  	0.01917  	0.00377  	0.03896  	0.01727  	-0.0289  	0.02988  	-0.0053  	-0.0360  	0.03900  	0.00682  	-0.0023  	0.01938  	-0.0092  	-0.0069  	-0.0242  	0.03589  	-0.0073  	0.02253  	-0.2797  	
0.09293  	0.04451  	0.05154  	0.89906  	0.17405  	0.43453  	0.15331  	-0.6203  	0.16803  	0.03008  	-0.1354  	0.22597  	0.12938  	-0.2968  	-0.6158  	0.74592  	-0.0792  	0.25534  	-0.2878  	0.36047  	-0.0853  	-0.1464  	-0.6066  	0.29335  	-0.0643  	-0.1613  	-0.2567  	-0.2009  	-0.0421  	-0.0238  	-0.2253  	0.23368  	0.24421  	-0.0412  	0.23511  	0.22885  	0.09090  	-0.0433  	-0.1354  	0.25013  	-0.0553  	0.06856  	0.00741  	-0.0349  	-0.0897  	-0.0426  	0.02345  	0.02800  	0.06614  	-0.0208  	0.01441  	0.01982  	-0.0055  	0.02473  	0.00577  	-0.0213  	0.03529  	0.00281  	-0.0258  	0.01908  	0.00652  	-0.0104  	0.02110  	-0.0217  	-0.0069  	-0.0242  	0.03589  	-0.0073  	0.02253  	-0.2797  	
-0.0058  	-0.0050  	0.04490  	0.66163  	0.10989  	0.45154  	0.10838  	-0.6124  	0.15886  	-0.0235  	0.08706  	0.32208  	0.01580  	-0.5273  	-0.8272  	0.84978  	-0.0768  	0.26461  	-0.2735  	0.44151  	-0.0067  	-0.1832  	-0.6050  	0.30336  	-0.1618  	-0.1485  	-0.3284  	-0.1617  	-0.1320  	-0.0995  	-0.2250  	0.25913  	0.21397  	-0.0655  	0.21054  	0.22277  	0.16785  	-0.0121  	-0.1901  	0.24167  	-0.0254  	0.04483  	0.00630  	-0.0249  	-0.0761  	-0.0454  	0.02841  	0.01555  	0.05041  	-0.0099  	0.01977  	0.01257  	-0.0024  	0.02138  	0.00462  	-0.0296  	0.03345  	0.00675  	-0.0276  	0.03260  	-0.0022  	-0.0132  	0.02883  	-0.0084  	-0.0069  	-0.0242  	0.03589  	-0.0073  	0.02253  	-0.2797  	
0.05376  	-0.0082  	0.10185  	0.70373  	0.12909  	0.49511  	0.12446  	-0.6061  	0.16586  	-0.0109  	0.13710  	0.34161  	-0.0152  	-0.5419  	-0.8556  	0.92033  	-0.0946  	0.24617  	-0.2596  	0.42231  	-0.0072  	-0.2008  	-0.5899  	0.34498  	-0.1358  	-0.1622  	-0.2913  	-0.1685  	-0.1263  	-0.1080  	-0.2347  	0.26395  	0.23421  	-0.0566  	0.25252  	0.24629  	0.16764  	0.00179  	-0.1887  	0.25221  	-0.0498  	0.04285  	0.01045  	-0.0329  	-0.0742  	-0.0449  	0.02191  	0.01137  	0.04663  	-0.0081  	0.02773  	0.01756  	0.00137  	0.02096  	0.01024  	-0.0255  	0.03488  	0.00213  	-0.0290  	0.03424  	0.00044  	-0.0164  	0.03367  	-0.0033  	-0.0069  	-0.0242  	0.03589  	-0.0073  	0.02253  	-0.2797  	
0.17922  	0.04337  	0.12462  	0.83738  	0.16775  	0.55479  	0.16077  	-0.5701  	0.20868  	0.01865  	0.03435  	0.34725  	0.07286  	-0.3620  	-0.6998  	0.87850  	-0.0923  	0.25172  	-0.2789  	0.45520  	-0.0320  	-0.1575  	-0.6314  	0.27523  	-0.1095  	-0.1611  	-0.3743  	-0.1394  	-0.0618  	-0.0784  	-0.2538  	0.24207  	0.24849  	-0.0460  	0.22137  	0.22340  	0.08142  	-0.0241  	-0.1288  	0.25331  	-0.0330  	0.04875  	0.01690  	-0.0363  	-0.0720  	-0.0424  	0.02140  	0.02307  	0.06141  	-0.0186  	0.02495  	0.01415  	0.00179  	0.02290  	0.00421  	-0.0243  	0.02786  	0.00400  	-0.0252  	0.02787  	0.00134  	-0.0063  	0.02696  	-0.0094  	-0.0069  	-0.0242  	0.03589  	-0.0073  	0.02253  	-0.2797  	
0.13054  	0.05605  	0.03160  	0.91345  	0.24571  	0.48328  	0.13584  	-0.5606  	0.18971  	-0.0073  	-0.0262  	0.36629  	0.09198  	-0.3325  	-0.6571  	0.82841  	-0.0857  	0.27498  	-0.2784  	0.39130  	-0.0372  	-0.1461  	-0.6056  	0.30121  	-0.1181  	-0.1665  	-0.3548  	-0.1497  	-0.0703  	-0.0729  	-0.2362  	0.24056  	0.26399  	-0.0516  	0.24351  	0.21112  	0.11377  	-0.0217  	-0.1371  	0.26523  	-0.0529  	0.04255  	0.01721  	-0.0242  	-0.0767  	-0.0431  	0.02860  	0.02010  	0.06011  	-0.0174  	0.01553  	0.01672  	-0.0025  	0.02369  	0.01008  	-0.0257  	0.02369  	-0.0015  	-0.0278  	0.03665  	0.00103  	-0.0035  	0.02664  	-0.0085  	-0.0069  	-0.0242  	0.03589  	-0.0073  	0.02253  	-0.2797  	
-0.1057  	-0.0241  	0.00203  	0.54224  	0.10461  	0.31381  	0.14237  	-0.6562  	0.14683  	0.01811  	0.16611  	0.33664  	-0.0112  	-0.5596  	-0.8684  	0.79996  	-0.0972  	0.28445  	-0.2797  	0.46754  	-0.0056  	-0.2374  	-0.5600  	0.30638  	-0.1699  	-0.1384  	-0.3648  	-0.1133  	-0.1205  	-0.1266  	-0.2018  	0.23078  	0.25623  	-0.0620  	0.21381  	0.22164  	0.16733  	-0.0134  	-0.1876  	0.25199  	-0.0065  	0.03933  	0.00069  	-0.0203  	-0.0681  	-0.0452  	0.02810  	-0.0024  	0.04746  	-0.0197  	0.00828  	0.01076  	-0.0077  	0.02195  	-0.0013  	-0.0273  	0.03811  	0.00323  	-0.0316  	0.02432  	-0.0046  	-0.0010  	0.03663  	-0.0061  	-0.0069  	-0.0242  	0.03589  	-0.0073  	0.02253  	-0.2797  	
-0.2648  	-0.0667  	-0.0170  	0.31507  	-0.0687  	0.28691  	0.12256  	-0.6863  	0.12628  	0.02037  	0.19016  	0.25426  	-0.0488  	-0.7216  	-1.0673  	0.77908  	-0.0745  	0.34928  	-0.2651  	0.48984  	-0.0894  	-0.2237  	-0.5184  	0.25577  	-0.1746  	-0.1319  	-0.4359  	-0.0789  	-0.0569  	-0.1472  	-0.1976  	0.21940  	0.23509  	-0.0570  	0.10587  	0.26961  	0.09771  	0.00522  	-0.1659  	0.25731  	0.03750  	0.02394  	0.02030  	-0.0157  	-0.0750  	-0.0405  	0.04217  	-0.0107  	0.04003  	-0.0191  	0.01034  	0.01580  	-0.0031  	0.02666  	0.00374  	-0.0394  	0.03311  	0.00514  	-0.0280  	0.03233  	0.00123  	-0.0111  	0.02947  	-0.0058  	-0.0069  	-0.0242  	0.03589  	-0.0073  	0.02253  	-0.2797  	
-0.3206  	-0.0623  	-0.0444  	0.34943  	-0.0670  	0.27683  	0.13596  	-0.7119  	0.13948  	0.03997  	0.13128  	0.23511  	-0.0391  	-0.7253  	-1.0847  	0.76758  	-0.0655  	0.35106  	-0.2861  	0.46951  	-0.1938  	-0.2250  	-0.5474  	0.18373  	-0.1708  	-0.1143  	-0.4782  	-0.0104  	0.01719  	-0.1284  	-0.1894  	0.21230  	0.22161  	-0.0486  	0.03549  	0.30242  	0.04169  	-0.0136  	-0.1342  	0.25351  	0.08425  	0.01264  	0.03928  	-0.0096  	-0.0809  	-0.0481  	0.03752  	-0.0003  	0.03924  	-0.0124  	0.01098  	0.01769  	0.00014  	0.02667  	0.00906  	-0.0358  	0.03230  	0.00340  	-0.0279  	0.02865  	0.00203  	0.00077  	0.02815  	-0.0039  	-0.0069  	-0.0242  	0.03589  	-0.0073  	0.02253  	-0.2797  	
-0.3390  	-0.0620  	-0.0583  	0.31117  	-0.0720  	0.25064  	0.12769  	-0.7224  	0.14567  	0.05592  	0.19238  	0.21159  	-0.0487  	-0.7169  	-1.0985  	0.76499  	-0.0605  	0.33057  	-0.2840  	0.45044  	-0.1658  	-0.2310  	-0.5465  	0.17985  	-0.1652  	-0.1184  	-0.4652  	-0.0187  	-0.0080  	-0.1393  	-0.1865  	0.22251  	0.22336  	-0.0453  	0.06754  	0.29783  	0.05961  	-0.0097  	-0.1496  	0.22655  	0.08073  	0.01403  	0.03421  	-0.0203  	-0.0797  	-0.0488  	0.04181  	-0.0031  	0.03855  	-0.0123  	0.01176  	0.01484  	-0.0002  	0.02927  	0.00804  	-0.0363  	0.02996  	0.00375  	-0.0284  	0.03034  	0.00497  	-0.0008  	0.03046  	-0.0039  	-0.0069  	-0.0242  	0.03589  	-0.0073  	0.02253  	-0.2797  	
-0.3510  	-0.0763  	-0.0954  	0.28839  	-0.0820  	0.23758  	0.10176  	-0.7276  	0.13134  	0.06337  	0.24530  	0.23378  	-0.0896  	-0.7698  	-1.1065  	0.77705  	-0.0696  	0.31234  	-0.2676  	0.45095  	-0.1420  	-0.2283  	-0.5223  	0.19393  	-0.1701  	-0.1177  	-0.4304  	-0.0457  	-0.0324  	-0.1346  	-0.1883  	0.22396  	0.21669  	-0.0468  	0.07941  	0.29589  	0.08300  	0.00236  	-0.1614  	0.23201  	0.06893  	0.02489  	0.02793  	-0.0160  	-0.0751  	-0.0477  	0.03864  	-0.0077  	0.03696  	-0.0173  	0.00876  	0.01919  	0.00040  	0.02701  	0.00399  	-0.0369  	0.02807  	0.00616  	-0.0289  	0.02699  	0.00659  	-0.0029  	0.03446  	-0.0041  	-0.0069  	-0.0242  	0.03589  	-0.0073  	0.02253  	-0.2797  	
-0.3388  	-0.0809  	-0.0994  	0.35813  	-0.0424  	0.23325  	0.08728  	-0.7133  	0.13417  	0.05180  	0.16825  	0.29679  	-0.0418  	-0.7447  	-1.0494  	0.78729  	-0.0591  	0.32652  	-0.2774  	0.44317  	-0.1793  	-0.2215  	-0.5243  	0.18370  	-0.1926  	-0.1011  	-0.4692  	0.02048  	0.00970  	-0.1331  	-0.1669  	0.21995  	0.23002  	-0.0502  	0.04730  	0.28502  	0.03566  	-0.0162  	-0.1434  	0.24354  	0.05255  	0.02295  	0.03000  	-0.0190  	-0.0790  	-0.0511  	0.03844  	-0.0024  	0.03863  	-0.0129  	0.00782  	0.01693  	0.00067  	0.02423  	0.00891  	-0.0398  	0.03010  	0.00305  	-0.0285  	0.02825  	0.00308  	-0.0008  	0.03637  	-0.0022  	-0.0069  	-0.0242  	0.03589  	-0.0073  	0.02253  	-0.2797  	
-0.2521  	-0.0534  	-0.0793  	0.39138  	-0.0408  	0.27819  	0.12222  	-0.7080  	0.14535  	0.03536  	0.12286  	0.30718  	-0.0075  	-0.6835  	-1.0030  	0.76055  	-0.0624  	0.33010  	-0.2991  	0.46371  	-0.1926  	-0.2007  	-0.5598  	0.17812  	-0.1945  	-0.0964  	-0.4928  	0.03735  	0.01625  	-0.1517  	-0.1732  	0.20560  	0.25073  	-0.0461  	0.05688  	0.27970  	0.01995  	-0.0170  	-0.1320  	0.24716  	0.05618  	0.01679  	0.04213  	-0.0237  	-0.0869  	-0.0474  	0.03657  	0.00348  	0.04190  	-0.0139  	0.01241  	0.01380  	0.00039  	0.02031  	0.00851  	-0.0415  	0.03453  	0.00733  	-0.0301  	0.02562  	0.00316  	-0.0008  	0.03946  	-4.7893  	-0.0069  	-0.0242  	0.03589  	-0.0073  	0.02253  	-0.2797  	
-0.1923  	-0.0132  	-0.0800  	0.45505  	0.03348  	0.28520  	0.12774  	-0.7066  	0.15180  	0.05754  	0.13867  	0.33261  	-0.0096  	-0.6333  	-0.9897  	0.79574  	-0.1010  	0.35100  	-0.2865  	0.49507  	-0.1924  	-0.2053  	-0.6045  	0.18509  	-0.1976  	-0.1158  	-0.5288  	0.06221  	0.03917  	-0.1448  	-0.1896  	0.20648  	0.25341  	-0.0433  	0.08021  	0.29294  	0.00382  	-0.0241  	-0.1383  	0.25577  	0.06718  	0.01955  	0.03951  	-0.0253  	-0.0882  	-0.0420  	0.03792  	0.00570  	0.04105  	-0.0128  	0.01349  	0.01205  	6.55502  	0.02443  	0.00916  	-0.0420  	0.03498  	0.00335  	-0.0255  	0.02747  	-0.0020  	-0.0041  	0.03281  	-0.0011  	-0.0069  	-0.0242  	0.03589  	-0.0073  	0.02253  	-0.2797  	
-0.2270  	-0.0429  	-0.0394  	0.41674  	-0.0048  	0.27407  	0.12544  	-0.7090  	0.15461  	0.05288  	0.20961  	0.28923  	-0.0325  	-0.6529  	-1.0402  	0.80011  	-0.0971  	0.34184  	-0.2892  	0.48601  	-0.1664  	-0.2355  	-0.5948  	0.19917  	-0.1889  	-0.1179  	-0.4884  	0.01789  	-0.0117  	-0.1408  	-0.1959  	0.21965  	0.24854  	-0.0561  	0.10218  	0.29811  	0.04949  	-0.0162  	-0.1665  	0.24623  	0.06143  	0.02011  	0.02618  	-0.0233  	-0.0791  	-0.0451  	0.04239  	0.00281  	0.04214  	-0.0217  	0.01171  	0.01458  	0.00031  	0.02553  	0.00891  	-0.0419  	0.03450  	0.00618  	-0.0268  	0.02566  	-0.0027  	-0.0076  	0.03919  	-0.0017  	-0.0069  	-0.0242  	0.03589  	-0.0073  	0.02253  	-0.2797  	
-0.3171  	-0.0855  	-0.0999  	0.33660  	-0.0313  	0.20691  	0.14412  	-0.7325  	0.13729  	0.07461  	0.19635  	0.24604  	-0.0406  	-0.7013  	-1.0780  	0.76991  	-0.0913  	0.33500  	-0.2944  	0.49271  	-0.2044  	-0.2213  	-0.5830  	0.20962  	-0.1443  	-0.1191  	-0.4584  	0.02494  	0.02554  	-0.1220  	-0.1939  	0.22394  	0.22930  	-0.0423  	0.06739  	0.31267  	0.02633  	-0.0251  	-0.1440  	0.25327  	0.05396  	0.02603  	0.02620  	-0.0262  	-0.0739  	-0.0459  	0.03858  	0.00101  	0.04593  	-0.0171  	0.01075  	0.01593  	0.00070  	0.02404  	0.00517  	-0.0386  	0.02590  	0.00293  	-0.0274  	0.02940  	0.00275  	-0.0082  	0.02917  	-0.0070  	-0.0069  	-0.0242  	0.03589  	-0.0073  	0.02253  	-0.2797  	
-0.4007  	-0.1119  	-0.1788  	0.37135  	0.01706  	0.14823  	0.13127  	-0.7341  	0.12258  	0.11073  	0.26438  	0.28391  	-0.0484  	-0.6809  	-1.0779  	0.75931  	-0.1140  	0.33020  	-0.3040  	0.50009  	-0.1911  	-0.2382  	-0.5833  	0.23414  	-0.1778  	-0.1146  	-0.4739  	0.01602  	0.01361  	-0.1286  	-0.1787  	0.21555  	0.23958  	-0.0445  	0.10621  	0.30566  	0.03265  	-0.0279  	-0.1485  	0.24828  	0.03992  	0.02979  	0.00694  	-0.0248  	-0.0737  	-0.0454  	0.04116  	-0.0096  	0.04135  	-0.0197  	0.00754  	0.01639  	-0.0016  	0.02223  	0.00648  	-0.0412  	0.03245  	0.00075  	-0.0271  	0.02633  	0.00406  	-0.0027  	0.03419  	-0.0027  	-0.0069  	-0.0242  	0.03589  	-0.0073  	0.02253  	-0.2797  	
-0.4260  	-0.0976  	-0.2035  	0.36556  	0.02495  	0.12706  	0.12367  	-0.7195  	0.13889  	0.09465  	0.28604  	0.31461  	-0.0474  	-0.6745  	-1.0853  	0.74307  	-0.1086  	0.32676  	-0.3072  	0.50657  	-0.1679  	-0.2377  	-0.5806  	0.24614  	-0.2085  	-0.1067  	-0.4872  	0.02777  	0.00367  	-0.1424  	-0.1859  	0.20987  	0.23731  	-0.0445  	0.10388  	0.29027  	0.03034  	-0.0250  	-0.1518  	0.25716  	0.03506  	0.02670  	0.00368  	-0.0332  	-0.0749  	-0.0468  	0.04448  	-0.0124  	0.03987  	-0.0120  	0.01029  	0.01521  	-0.0007  	0.02531  	0.00782  	-0.0401  	0.03286  	0.00275  	-0.0296  	0.03061  	0.00327  	-0.0010  	0.03136  	-0.0029  	-0.0069  	-0.0242  	0.03589  	-0.0073  	0.02253  	-0.2797  	
-0.4176  	-0.0921  	-0.1968  	0.36445  	0.02724  	0.15157  	0.10342  	-0.7122  	0.15122  	0.08053  	0.27892  	0.32156  	-0.0393  	-0.6866  	-1.0935  	0.74910  	-0.0983  	0.32900  	-0.2960  	0.49877  	-0.1534  	-0.2444  	-0.5765  	0.22344  	-0.2276  	-0.1011  	-0.4976  	0.03406  	-0.0115  	-0.1471  	-0.1856  	0.21067  	0.24162  	-0.0412  	0.09699  	0.28354  	0.03015  	-0.0285  	-0.1461  	0.24097  	0.03753  	0.02357  	0.00530  	-0.0345  	-0.0778  	-0.0455  	0.04036  	-0.0095  	0.04107  	-0.0100  	0.01190  	0.01532  	-0.0011  	0.02309  	0.00931  	-0.0368  	0.03149  	0.00582  	-0.0285  	0.03120  	0.00355  	-0.0015  	0.02975  	-0.0017  	-0.0069  	-0.0242  	0.03589  	-0.0073  	0.02253  	-0.2797  	
-0.4072  	-0.0799  	-0.1387  	0.35702  	0.01524  	0.21355  	0.09506  	-0.6969  	0.15091  	0.06111  	0.24950  	0.32240  	-0.0139  	-0.6563  	-1.0468  	0.77438  	-0.0887  	0.31870  	-0.2874  	0.48579  	-0.1623  	-0.2409  	-0.5450  	0.21348  	-0.2418  	-0.0992  	-0.5095  	0.02116  	-0.0125  	-0.1463  	-0.1648  	0.20366  	0.25867  	-0.0389  	0.07700  	0.26469  	0.02978  	-0.0288  	-0.1353  	0.22133  	0.04645  	0.01420  	0.02610  	-0.0323  	-0.0783  	-0.0436  	0.03614  	-0.0118  	0.04420  	-0.0122  	0.00690  	0.01581  	-0.0017  	0.01956  	0.00525  	-0.0387  	0.02603  	0.00580  	-0.0309  	0.02824  	0.00634  	-0.0014  	0.03316  	-0.0025  	-0.0069  	-0.0242  	0.03589  	-0.0073  	0.02253  	-0.2797  	
-0.4023  	-0.1012  	-0.1633  	0.32581  	0.02066  	0.15583  	0.11049  	-0.7207  	0.14095  	0.06499  	0.29234  	0.30796  	-0.0342  	-0.6688  	-1.1314  	0.72628  	-0.1130  	0.35031  	-0.2988  	0.52232  	-0.1800  	-0.2613  	-0.5778  	0.21184  	-0.2176  	-0.1117  	-0.5263  	0.06379  	0.00369  	-0.1551  	-0.1761  	0.21169  	0.26601  	-0.0514  	0.09562  	0.28402  	0.02337  	-0.0475  	-0.1405  	0.22801  	0.04699  	0.02253  	0.01753  	-0.0264  	-0.0711  	-0.0455  	0.03670  	0.00080  	0.04153  	-0.0147  	0.00970  	0.01405  	0.00067  	0.01918  	0.00538  	-0.0399  	0.02818  	0.00568  	-0.0283  	0.02790  	0.00708  	0.00126  	0.03244  	-0.0009  	-0.0069  	-0.0242  	0.03589  	-0.0073  	0.02253  	-0.2797  	
-0.4326  	-0.1093  	-0.1745  	0.27398  	-0.0149  	0.13477  	0.12818  	-0.7184  	0.14483  	0.07778  	0.29440  	0.26589  	-0.0464  	-0.7223  	-1.1009  	0.73979  	-0.0724  	0.34064  	-0.2898  	0.48880  	-0.1375  	-0.2767  	-0.5776  	0.22571  	-0.2007  	-0.1133  	-0.4990  	0.00482  	-0.0170  	-0.1542  	-0.1823  	0.21138  	0.25536  	-0.0474  	0.10620  	0.27354  	0.05324  	-0.0210  	-0.1585  	0.22876  	0.06524  	0.01910  	0.02217  	-0.0254  	-0.0719  	-0.0432  	0.03852  	-0.0065  	0.03787  	-0.0180  	0.00203  	0.01450  	-0.0003  	0.02274  	0.00557  	-0.0395  	0.02847  	0.00511  	-0.0284  	0.02834  	0.00883  	0.00054  	0.03217  	-0.0018  	-0.0069  	-0.0242  	0.03589  	-0.0073  	0.02253  	-0.2797  	
-0.3334  	-0.0729  	-0.1021  	0.28124  	-0.0693  	0.25512  	0.10451  	-0.6947  	0.15787  	0.05918  	0.21675  	0.27987  	-0.0213  	-0.6963  	-1.0333  	0.77200  	-0.0547  	0.29655  	-0.2754  	0.47628  	-0.1250  	-0.2202  	-0.5037  	0.22159  	-0.2231  	-0.0992  	-0.4590  	-0.0431  	-0.0556  	-0.1620  	-0.1691  	0.20988  	0.25585  	-0.0505  	0.09205  	0.24722  	0.06484  	-0.0169  	-0.1484  	0.24282  	0.06015  	0.01837  	0.03573  	-0.0180  	-0.0804  	-0.0480  	0.04367  	0.00124  	0.03902  	-0.0173  	0.00788  	0.01815  	-0.0043  	0.02610  	0.00717  	-0.0375  	0.02541  	0.00134  	-0.0253  	0.03037  	0.00530  	0.00110  	0.02946  	-0.0020  	-0.0069  	-0.0242  	0.03589  	-0.0073  	0.02253  	-0.2797  	
-0.0968  	0.00586  	0.03065  	0.48730  	0.00352  	0.38547  	0.11304  	-0.6213  	0.17118  	0.02382  	0.18702  	0.33435  	0.00137  	-0.5317  	-0.8952  	0.80278  	-0.0882  	0.27991  	-0.2896  	0.43140  	-0.0127  	-0.2214  	-0.5333  	0.25633  	-0.2342  	-0.1110  	-0.4260  	-0.1133  	-0.1200  	-0.1525  	-0.1730  	0.22328  	0.27555  	-0.0520  	0.17187  	0.21714  	0.13602  	-0.0133  	-0.1735  	0.23571  	0.02738  	0.03473  	0.02797  	-0.0215  	-0.0762  	-0.0422  	0.03925  	-0.0009  	0.03713  	-0.0069  	0.00818  	0.01730  	-0.0033  	0.02237  	0.00263  	-0.0374  	0.02820  	0.00833  	-0.0266  	0.02731  	0.00026  	0.00360  	0.03591  	-0.0014  	-0.0069  	-0.0242  	0.03589  	-0.0073  	0.02253  	-0.2797  	
0.28666  	0.08805  	0.26524  	0.68512  	0.03907  	0.51564  	0.12211  	-0.4946  	0.20833  	0.00361  	0.05170  	0.27136  	0.13617  	-0.3754  	-0.6783  	0.75284  	0.00511  	0.10227  	-0.1934  	0.15693  	0.07302  	-0.3211  	-0.7158  	0.28904  	-0.1696  	-0.0868  	-0.3622  	-0.3054  	-0.0600  	-0.1171  	-0.1011  	0.19003  	0.16951  	-0.1958  	0.12885  	0.17934  	0.07864  	-0.0104  	-0.2545  	0.18035  	0.05381  	0.13878  	-0.0510  	0.05110  	-0.1369  	-0.0249  	0.00388  	0.05620  	0.05931  	-0.0289  	0.01688  	0.01566  	0.00259  	0.03822  	0.00987  	-0.0188  	0.02239  	-0.0083  	-0.0318  	0.04282  	0.00607  	0.00087  	0.01281  	-0.0167  	-0.0069  	-0.0242  	0.03589  	-0.0073  	0.02253  	-0.2797  	
0.06528  	0.05492  	0.19707  	0.57041  	0.07422  	0.26749  	0.12989  	-0.5152  	0.12408  	0.11083  	0.06877  	0.15106  	0.18333  	-0.3373  	-0.6455  	0.58381  	0.06104  	-0.0580  	-0.1658  	0.03094  	0.07954  	-0.4863  	-0.9636  	0.35193  	-0.1272  	-0.0500  	-0.2073  	-0.4409  	-0.0226  	-0.0931  	-0.0291  	0.19309  	0.10478  	-0.3022  	0.17601  	0.18997  	0.05105  	-0.0199  	-0.3457  	0.16621  	0.06334  	0.24682  	-0.1626  	0.10390  	-0.1595  	-0.0164  	-0.0037  	0.04271  	0.03531  	-0.0349  	0.02682  	0.02352  	-0.0035  	0.05088  	0.01289  	-0.0274  	0.01542  	-0.0219  	-0.0333  	0.05274  	0.01512  	-0.0031  	0.00412  	-0.0103  	-0.0069  	-0.0242  	0.03589  	-0.0073  	0.02253  	-0.2797  	
-0.2377  	-0.0143  	-0.0419  	0.61659  	0.13856  	0.20516  	0.06983  	-0.5674  	0.12972  	0.02432  	0.27446  	0.36263  	0.09152  	-0.5506  	-0.7267  	0.65998  	0.02783  	-0.0088  	-0.1855  	0.05628  	0.12443  	-0.5812  	-1.0228  	0.36183  	-0.3589  	0.02510  	-0.3908  	-0.2937  	-0.0457  	-0.1751  	-0.0074  	0.17173  	0.10853  	-0.3077  	0.16088  	0.15095  	-0.0232  	-0.0208  	-0.4205  	0.12036  	0.07971  	0.25686  	-0.2184  	0.08758  	-0.1747  	-0.0113  	0.00628  	0.01951  	0.01244  	-0.0225  	0.03782  	0.02403  	-0.0066  	0.05380  	0.01362  	-0.0360  	0.02568  	-0.0196  	-0.0279  	0.04321  	0.01351  	-0.0041  	0.00348  	-0.0112  	-0.0069  	-0.0242  	0.03589  	-0.0073  	0.02253  	-0.2797  	
-0.2318  	-0.0351  	0.01715  	0.47989  	0.05210  	0.26981  	0.05827  	-0.5827  	0.13537  	-0.0056  	0.25243  	0.35888  	0.03220  	-0.6971  	-0.9204  	0.70174  	0.02276  	0.10077  	-0.1853  	0.12268  	0.03162  	-0.5824  	-0.9181  	0.27550  	-0.3364  	0.01678  	-0.4752  	-0.1599  	0.04504  	-0.1508  	-0.0071  	0.14523  	0.12875  	-0.2783  	0.07396  	0.19669  	-0.0414  	-0.0265  	-0.3354  	0.11377  	0.12849  	0.22643  	-0.1602  	0.08984  	-0.1611  	-0.0093  	0.00351  	0.01262  	0.02171  	-0.0352  	0.02210  	0.02060  	0.00086  	0.04750  	0.01261  	-0.0328  	0.03190  	-0.0100  	-0.0241  	0.04396  	0.00966  	-0.0108  	0.00460  	-0.0045  	-0.0069  	-0.0242  	0.03589  	-0.0073  	0.02253  	-0.2797  	
-0.2754  	-0.0599  	-0.0726  	0.39220  	0.00504  	0.28948  	0.06800  	-0.6680  	0.10749  	0.02794  	0.13248  	0.30973  	-0.0027  	-0.7644  	-1.0086  	0.70348  	-0.0097  	0.25295  	-0.2207  	0.28222  	-0.1556  	-0.4210  	-0.7824  	0.18500  	-0.2145  	-0.0355  	-0.4927  	-0.0242  	0.11794  	-0.1304  	-0.0832  	0.16023  	0.14795  	-0.1756  	-0.0272  	0.27521  	-0.0610  	-0.0265  	-0.2127  	0.20083  	0.10248  	0.11824  	-0.0623  	0.05109  	-0.1188  	-0.0328  	0.02225  	0.00791  	0.02955  	-0.0208  	0.01440  	0.01591  	-7.8477  	0.03639  	0.01282  	-0.0417  	0.03394  	-0.0025  	-0.0286  	0.03917  	0.00386  	-0.0104  	0.02178  	0.00075  	-0.0069  	-0.0242  	0.03589  	-0.0073  	0.02253  	-0.2797  	
-0.2239  	-0.0554  	-0.0947  	0.40481  	-0.0081  	0.35731  	0.07386  	-0.7001  	0.12073  	-0.0069  	0.13121  	0.32958  	-0.0397  	-0.7403  	-0.9640  	0.77827  	-0.0580  	0.34058  	-0.2808  	0.49289  	-0.1590  	-0.2526  	-0.5378  	0.22188  	-0.1530  	-0.1282  	-0.4120  	0.00969  	-0.0349  	-0.1347  	-0.2027  	0.21770  	0.26179  	-0.0511  	0.10326  	0.27712  	0.06500  	-0.0038  	-0.1414  	0.25421  	0.03146  	0.03359  	0.03666  	-0.0079  	-0.0830  	-0.0432  	0.04227  	-0.0028  	0.03964  	-0.0123  	0.01234  	0.01844  	0.00231  	0.02782  	0.00555  	-0.0393  	0.03748  	0.00851  	-0.0292  	0.03243  	0.00479  	-0.0040  	0.03749  	-0.0017  	-0.0069  	-0.0242  	0.03589  	-0.0073  	0.02253  	-0.2797  	
-0.1269  	-0.0396  	-0.0227  	0.46086  	0.04805  	0.32428  	0.13984  	-0.7040  	0.15381  	0.03836  	0.16937  	0.29546  	-0.0336  	-0.7005  	-0.9688  	0.84361  	-0.1140  	0.34561  	-0.2942  	0.48130  	-0.1822  	-0.2609  	-0.5845  	0.21309  	-0.1603  	-0.1324  	-0.4383  	0.04309  	-0.0165  	-0.1282  	-0.1891  	0.23742  	0.24639  	-0.0410  	0.15351  	0.30080  	0.06029  	-0.0061  	-0.1498  	0.25403  	0.02532  	0.02216  	0.01733  	-0.0163  	-0.0816  	-0.0478  	0.03955  	0.00033  	0.04212  	-0.0172  	0.02137  	0.01735  	0.00174  	0.02341  	0.00781  	-0.0369  	0.03620  	0.00799  	-0.0324  	0.02724  	-0.0006  	-0.0084  	0.03905  	-0.0012  	-0.0069  	-0.0242  	0.03589  	-0.0073  	0.02253  	-0.2797  	
-0.0984  	-0.0290  	0.03397  	0.45428  	0.03138  	0.31682  	0.13671  	-0.6986  	0.17253  	0.10565  	0.22184  	0.30934  	-0.0393  	-0.6945  	-1.0550  	0.89006  	-0.1253  	0.34839  	-0.2848  	0.52441  	-0.1774  	-0.2731  	-0.6402  	0.18331  	-0.1658  	-0.1599  	-0.4848  	0.05212  	-0.0138  	-0.1247  	-0.2061  	0.24407  	0.23715  	-0.0384  	0.16777  	0.32366  	0.05906  	-0.0173  	-0.1564  	0.25697  	0.02030  	0.02882  	0.01632  	-0.0217  	-0.0808  	-0.0422  	0.03186  	-0.0011  	0.04354  	-0.0211  	0.02176  	0.01719  	0.00060  	0.02224  	0.00867  	-0.0306  	0.03881  	0.00917  	-0.0286  	0.02937  	0.00138  	-0.0068  	0.03531  	-0.0025  	-0.0069  	-0.0242  	0.03589  	-0.0073  	0.02253  	-0.2797  	
-0.0498  	-0.0350  	0.08906  	0.38104  	-0.0223  	0.31692  	0.16945  	-0.7298  	0.15830  	0.08949  	0.20238  	0.25533  	-0.0214  	-0.7019  	-1.1312  	0.90409  	-0.1388  	0.37750  	-0.2950  	0.54614  	-0.2138  	-0.2738  	-0.6483  	0.16176  	-0.1864  	-0.1436  	-0.5085  	0.05798  	0.00316  	-0.1320  	-0.1961  	0.23161  	0.24873  	-0.0319  	0.13014  	0.34322  	0.04151  	-0.0170  	-0.1410  	0.27390  	0.03207  	0.02369  	0.01956  	-0.0294  	-0.0834  	-0.0475  	0.03607  	0.00499  	0.05029  	-0.0163  	0.02702  	0.01593  	0.00180  	0.02144  	0.00994  	-0.0347  	0.03602  	0.00615  	-0.0329  	0.02524  	-0.0003  	-0.0068  	0.03831  	-0.0047  	-0.0069  	-0.0242  	0.03589  	-0.0073  	0.02253  	-0.2797  	
-0.1691  	-0.0624  	-0.0124  	0.35057  	-0.0641  	0.26974  	0.13701  	-0.7140  	0.13794  	0.09187  	0.17836  	0.21016  	-0.0256  	-0.7081  	-1.1283  	0.82094  	-0.1174  	0.34835  	-0.2960  	0.50382  	-0.1547  	-0.2546  	-0.6039  	0.19872  	-0.1418  	-0.1257  	-0.4634  	0.04317  	-0.0037  	-0.1295  	-0.1979  	0.23437  	0.23558  	-0.0412  	0.12090  	0.33639  	0.04577  	-0.0247  	-0.1538  	0.27011  	0.03598  	0.03438  	0.01920  	-0.0193  	-0.0746  	-0.0473  	0.03918  	-0.0021  	0.04562  	-0.0210  	0.01684  	0.01762  	0.00065  	0.02383  	0.00651  	-0.0411  	0.03383  	0.00531  	-0.0303  	0.02766  	8.72396  	-0.0078  	0.03355  	-0.0026  	-0.0069  	-0.0242  	0.03589  	-0.0073  	0.02253  	-0.2797  	
-0.3608  	-0.0931  	-0.1268  	0.40919  	0.01127  	0.16628  	0.12447  	-0.7419  	0.12366  	0.08033  	0.23604  	0.28631  	-0.0422  	-0.6364  	-1.0408  	0.75279  	-0.0966  	0.32660  	-0.2814  	0.49269  	-0.1345  	-0.2360  	-0.6037  	0.24921  	-0.1182  	-0.1290  	-0.4294  	-0.0325  	-0.0383  	-0.1307  	-0.1954  	0.23692  	0.23158  	-0.0492  	0.15219  	0.32058  	0.06679  	-0.0222  	-0.1704  	0.24951  	0.01590  	0.03491  	0.00011  	-0.0278  	-0.0700  	-0.0492  	0.03812  	-0.0161  	0.04004  	-0.0184  	0.01403  	0.01310  	-0.0008  	0.02694  	0.01179  	-0.0336  	0.03682  	0.00817  	-0.0230  	0.03422  	0.00114  	-0.0084  	0.03944  	-0.0031  	-0.0069  	-0.0242  	0.03589  	-0.0073  	0.02253  	-0.2797  	
-0.3660  	-0.1079  	-0.1678  	0.42875  	0.02594  	0.16936  	0.08865  	-0.6915  	0.13695  	0.04908  	0.28719  	0.35032  	-0.0357  	-0.6032  	-1.0018  	0.71003  	-0.1100  	0.30355  	-0.2987  	0.49504  	-0.0806  	-0.2599  	-0.5808  	0.25017  	-0.2126  	-0.1308  	-0.4373  	-0.0490  	-0.0457  	-0.1431  	-0.2023  	0.22502  	0.24550  	-0.0534  	0.17294  	0.26368  	0.07949  	-0.0137  	-0.1725  	0.23211  	-0.0002  	0.03002  	-0.0041  	-0.0347  	-0.0678  	-0.0464  	0.04233  	-0.0099  	0.03562  	-0.0134  	0.01135  	0.01340  	-0.0037  	0.02209  	0.00517  	-0.0348  	0.03513  	0.00447  	-0.0279  	0.02640  	0.00572  	-0.0030  	0.03674  	0.00036  	-0.0069  	-0.0242  	0.03589  	-0.0073  	0.02253  	-0.2797  	
-0.1723  	-0.0272  	-0.0561  	0.53647  	0.07363  	0.28836  	0.08970  	-0.6285  	0.17054  	-0.0129  	0.17536  	0.40589  	-0.0068  	-0.5216  	-0.8462  	0.74297  	-0.0767  	0.28991  	-0.3059  	0.46125  	-0.0441  	-0.2257  	-0.5592  	0.28026  	-0.2588  	-0.1182  	-0.4323  	-0.0721  	-0.0781  	-0.1452  	-0.1930  	0.22931  	0.27422  	-0.0547  	0.17901  	0.20945  	0.07969  	-0.0180  	-0.1640  	0.23663  	0.00672  	0.03667  	0.00193  	-0.0306  	-0.0729  	-0.0403  	0.04222  	-0.0045  	0.04199  	-0.0142  	0.01059  	0.01653  	-0.0048  	0.02217  	-0.0002  	-0.0394  	0.02959  	0.00327  	-0.0275  	0.02319  	0.00600  	-0.0044  	0.02673  	-0.0077  	-0.0069  	-0.0242  	0.03589  	-0.0073  	0.02253  	-0.2797  	
0.04979  	0.06941  	0.14424  	0.591  	0.05036  	0.43967  	0.11439  	-0.5397  	0.21339  	0.00589  	0.11219  	0.32971  	0.04043  	-0.4091  	-0.7726  	0.81029  	-0.0707  	0.25599  	-0.2736  	0.42554  	0.04893  	-0.2192  	-0.5333  	0.27940  	-0.2387  	-0.1403  	-0.3895  	-0.1831  	-0.1571  	-0.1474  	-0.1907  	0.23950  	0.27662  	-0.0613  	0.20658  	0.17240  	0.17443  	0.00581  	-0.1890  	0.22040  	-0.0002  	0.02721  	0.01916  	-0.0207  	-0.0745  	-0.0389  	0.03929  	0.00462  	0.04555  	-0.0122  	0.00408  	0.01304  	-0.0016  	0.02485  	0.00091  	-0.0274  	0.02844  	0.00148  	-0.0315  	0.02777  	0.00606  	0.00863  	0.03178  	-0.0065  	-0.0069  	-0.0242  	0.03589  	-0.0073  	0.02253  	-0.2797  	
0.13391  	0.08976  	0.19548  	0.57658  	-0.0002  	0.48397  	0.12101  	-0.4923  	0.22554  	-0.0146  	0.18954  	0.32221  	0.00853  	-0.4187  	-0.7712  	0.88058  	-0.0835  	0.23302  	-0.2583  	0.38665  	0.11592  	-0.1908  	-0.4990  	0.27692  	-0.2143  	-0.1392  	-0.3667  	-0.2713  	-0.2010  	-0.1542  	-0.1974  	0.25223  	0.28311  	-0.0623  	0.21753  	0.16432  	0.23180  	0.04128  	-0.2015  	0.18883  	-0.0056  	0.02321  	0.04262  	-0.0164  	-0.0801  	-0.0436  	0.03798  	0.01621  	0.05417  	-0.0117  	-0.0034  	0.01320  	0.00317  	0.03092  	0.00460  	-0.0242  	0.02472  	0.00348  	-0.0376  	0.03544  	0.00300  	0.00328  	0.03159  	-0.0045  	-0.0069  	-0.0242  	0.03589  	-0.0073  	0.02253  	-0.2797  	
0.15673  	0.10158  	0.21534  	0.58319  	-0.0328  	0.53344  	0.11353  	-0.4667  	0.24150  	-0.0412  	0.26695  	0.34546  	0.00467  	-0.3962  	-0.7810  	0.92487  	-0.0742  	0.18865  	-0.2568  	0.34450  	0.21210  	-0.1934  	-0.4567  	0.34474  	-0.2387  	-0.1539  	-0.2924  	-0.3574  	-0.3088  	-0.1570  	-0.2071  	0.27935  	0.27966  	-0.0603  	0.27856  	0.13166  	0.30469  	0.06381  	-0.2385  	0.16782  	-0.0302  	0.02800  	0.02546  	-0.0209  	-0.0807  	-0.0424  	0.03408  	0.01333  	0.05212  	-0.0098  	-0.0018  	0.01568  	0.00330  	0.03326  	0.00349  	-0.0220  	0.01827  	0.00474  	-0.0366  	0.03658  	0.00798  	0.00112  	0.03330  	-0.0051  	-0.0069  	-0.0242  	0.03589  	-0.0073  	0.02253  	-0.2797  	
0.14095  	0.09579  	0.19758  	0.58099  	-0.0404  	0.51987  	0.11709  	-0.4704  	0.24645  	-0.0565  	0.27760  	0.33956  	0.01735  	-0.3815  	-0.7903  	0.92367  	-0.0739  	0.19811  	-0.2563  	0.33390  	0.21181  	-0.2018  	-0.4686  	0.35720  	-0.2365  	-0.1578  	-0.2896  	-0.3688  	-0.3175  	-0.1607  	-0.2058  	0.27310  	0.28201  	-0.0611  	0.29222  	0.13370  	0.30065  	0.06132  	-0.2402  	0.17030  	-0.0365  	0.03262  	0.01634  	-0.0281  	-0.0781  	-0.0425  	0.03299  	0.00980  	0.04824  	-0.0060  	0.00210  	0.01648  	0.00439  	0.03266  	0.00167  	-0.0217  	0.01761  	0.00623  	-0.0370  	0.03500  	0.00858  	0.00201  	0.03389  	-0.0053  	-0.0069  	-0.0242  	0.03589  	-0.0073  	0.02253  	-0.2797  	
0.14543  	0.10121  	0.18227  	0.56839  	-0.0350  	0.49789  	0.11194  	-0.4768  	0.25555  	-0.0633  	0.28933  	0.36180  	0.00929  	-0.3905  	-0.7955  	0.91956  	-0.0690  	0.19220  	-0.2684  	0.33008  	0.20217  	-0.2021  	-0.4504  	0.35646  	-0.2577  	-0.1511  	-0.2890  	-0.3535  	-0.3303  	-0.1548  	-0.1993  	0.27349  	0.28342  	-0.0636  	0.29965  	0.12178  	0.30653  	0.06347  	-0.2482  	0.16561  	-0.0355  	0.03146  	0.01799  	-0.0286  	-0.0820  	-0.0426  	0.03471  	0.00672  	0.04891  	-0.0083  	0.00011  	0.01789  	0.00235  	0.03236  	0.00251  	-0.0212  	0.01779  	0.00560  	-0.0352  	0.03477  	0.00837  	0.00371  	0.03234  	-0.0053  	-0.0069  	-0.0242  	0.03589  	-0.0073  	0.02253  	-0.2797  	
