-0.0207  	0.07917  	0.08734  	0.48919  	-0.0161  	0.39105  	0.10587  	-0.5487  	0.21324  	-0.0120  	0.27441  	0.37740  	-0.0055  	-0.4442  	-0.9206  	0.86933  	-0.0844  	0.26411  	-0.2839  	0.40298  	0.07276  	-0.2502  	-0.5200  	0.26948  	-0.2510  	-0.1362  	-0.3887  	-0.1611  	-0.1792  	-0.1589  	-0.1777  	0.22572  	0.29205  	-0.0571  	0.22935  	0.16270  	0.20707  	0.02313  	-0.2137  	0.20369  	0.02138  	0.01703  	0.02131  	-0.0353  	-0.0846  	-0.0413  	0.03714  	0.00236  	0.03763  	-0.0052  	0.00826  	0.01777  	-0.0016  	0.02096  	0.00288  	-0.0298  	0.02316  	0.00398  	-0.0322  	0.02639  	0.00385  	0.00728  	0.03649  	-0.0030  	-0.0069  	-0.0242  	0.03589  	-0.0073  	0.02253  	-0.2797  	
-0.1149  	0.03057  	0.04175  	0.42163  	0.00422  	0.33114  	0.10739  	-0.6188  	0.20041  	0.05284  	0.26386  	0.34575  	0.01285  	-0.4995  	-1.0516  	0.85742  	-0.1088  	0.29682  	-0.2768  	0.47214  	-0.0818  	-0.2694  	-0.5753  	0.24344  	-0.2138  	-0.1250  	-0.4463  	-0.0658  	-0.1193  	-0.1490  	-0.1651  	0.20479  	0.30457  	-0.0603  	0.17012  	0.21871  	0.13425  	-0.0166  	-0.1671  	0.23848  	0.04947  	0.02206  	0.03478  	-0.0304  	-0.0900  	-0.0467  	0.03831  	0.01466  	0.03972  	-0.0118  	0.01424  	0.01725  	-0.0037  	0.02459  	0.00130  	-0.0297  	0.02819  	-1.9075  	-0.0378  	0.03161  	0.00719  	0.00192  	0.04003  	0.00472  	-0.0069  	-0.0242  	0.03589  	-0.0073  	0.02253  	-0.2797  	
-0.3198  	-0.1067  	-0.1305  	0.29001  	-0.0477  	0.18614  	0.12502  	-0.7056  	0.15856  	0.08481  	0.28472  	0.29439  	-0.0419  	-0.6391  	-1.1013  	0.76193  	-0.0813  	0.32606  	-0.2900  	0.48880  	-0.1209  	-0.2639  	-0.5949  	0.23701  	-0.1879  	-0.1158  	-0.4571  	-0.0351  	-0.0529  	-0.1476  	-0.1982  	0.21128  	0.25265  	-0.0486  	0.13415  	0.27706  	0.07084  	-0.0197  	-0.1598  	0.22718  	0.03056  	0.03519  	0.01799  	-0.0315  	-0.0723  	-0.0452  	0.04676  	-0.0049  	0.03956  	-0.0138  	0.00613  	0.01527  	0.00117  	0.02768  	0.00797  	-0.0414  	0.03220  	0.00875  	-0.0318  	0.02846  	0.00484  	-0.0042  	0.03527  	-0.0012  	-0.0069  	-0.0242  	0.03589  	-0.0073  	0.02253  	-0.2797  	
-0.3423  	-0.1287  	-0.1353  	0.28319  	-0.0550  	0.22406  	0.11621  	-0.7219  	0.15184  	0.06498  	0.26543  	0.27687  	-0.0452  	-0.7478  	-1.1024  	0.79040  	-0.0696  	0.30618  	-0.2733  	0.48979  	-0.1327  	-0.2545  	-0.5230  	0.21664  	-0.2032  	-0.0959  	-0.4673  	-0.0217  	-0.0396  	-0.1400  	-0.1850  	0.20643  	0.24036  	-0.0467  	0.10069  	0.27858  	0.07509  	-0.0094  	-0.1679  	0.22232  	0.06146  	0.01970  	0.02259  	-0.0205  	-0.0706  	-0.0444  	0.04397  	-0.0008  	0.03341  	-0.0202  	0.00598  	0.01805  	0.00224  	0.02479  	0.00353  	-0.0392  	0.02947  	0.00506  	-0.0289  	0.02786  	0.00699  	-0.0061  	0.02874  	-0.0058  	-0.0069  	-0.0242  	0.03589  	-0.0073  	0.02253  	-0.2797  	
-0.3144  	-0.0933  	-0.0969  	0.33723  	-0.0623  	0.23420  	0.12935  	-0.6955  	0.15835  	0.05098  	0.22865  	0.28990  	-0.0151  	-0.7127  	-1.1285  	0.80032  	-0.0655  	0.34249  	-0.2862  	0.49138  	-0.1648  	-0.2466  	-0.5231  	0.19110  	-0.2032  	-0.1068  	-0.4992  	0.03752  	-0.0034  	-0.1417  	-0.1889  	0.20989  	0.23960  	-0.0614  	0.05314  	0.28430  	0.05142  	-0.0227  	-0.1418  	0.23675  	0.07350  	0.01070  	0.02845  	-0.0225  	-0.0797  	-0.0459  	0.04192  	0.00807  	0.04176  	-0.0111  	0.00877  	0.01533  	-0.0005  	0.02434  	0.00771  	-0.0384  	0.03285  	0.00226  	-0.0277  	0.03151  	0.00738  	-0.0017  	0.03209  	-0.0030  	-0.0069  	-0.0242  	0.03589  	-0.0073  	0.02253  	-0.2797  	
-0.3600  	-0.0962  	-0.1544  	0.34934  	-0.0003  	0.14959  	0.11984  	-0.7070  	0.14298  	0.09173  	0.26800  	0.33124  	-0.0345  	-0.6619  	-1.0831  	0.73585  	-0.1007  	0.34365  	-0.2995  	0.51416  	-0.1545  	-0.2430  	-0.5865  	0.20290  	-0.1798  	-0.1148  	-0.4766  	0.00062  	-0.0088  	-0.1425  	-0.1852  	0.20140  	0.25467  	-0.0571  	0.10064  	0.29505  	0.04139  	-0.0348  	-0.1434  	0.25054  	0.02093  	0.02846  	0.01106  	-0.0274  	-0.0693  	-0.0465  	0.04401  	-0.0030  	0.04590  	-0.0182  	0.01267  	0.01171  	-0.0041  	0.02501  	0.00890  	-0.0365  	0.03142  	0.00366  	-0.0293  	0.03135  	0.00099  	-0.0019  	0.03663  	-0.0031  	-0.0069  	-0.0242  	0.03589  	-0.0073  	0.02253  	-0.2797  	
-0.3568  	-0.0816  	-0.1388  	0.48137  	0.06608  	0.19647  	0.07464  	-0.6313  	0.15448  	0.02379  	0.27479  	0.40113  	-0.0105  	-0.5720  	-0.9229  	0.73408  	-0.0957  	0.25484  	-0.2864  	0.48667  	-0.0620  	-0.2664  	-0.5636  	0.26021  	-0.2635  	-0.1199  	-0.4171  	-0.0700  	-0.1081  	-0.1252  	-0.1792  	0.22571  	0.26791  	-0.0550  	0.19633  	0.22206  	0.08099  	-0.0259  	-0.1772  	0.24961  	-0.0015  	0.03493  	-0.0166  	-0.0288  	-0.0676  	-0.0424  	0.04290  	-0.0158  	0.03594  	-0.0060  	0.01026  	0.01077  	-0.0032  	0.02278  	-0.0012  	-0.0396  	0.03664  	0.00811  	-0.0321  	0.03400  	0.00528  	-0.0015  	0.02625  	-0.0015  	-0.0069  	-0.0242  	0.03589  	-0.0073  	0.02253  	-0.2797  	
-0.0986  	-0.0200  	0.06713  	0.44908  	-0.0273  	0.38714  	0.10680  	-0.6226  	0.18321  	0.02083  	0.16161  	0.29252  	-0.0022  	-0.5502  	-0.9883  	0.80430  	-0.0882  	0.30848  	-0.2784  	0.46101  	-0.0865  	-0.2155  	-0.5668  	0.26298  	-0.2084  	-0.1244  	-0.4794  	-0.0423  	-0.0855  	-0.1403  	-0.1989  	0.22284  	0.27148  	-0.0596  	0.14715  	0.22616  	0.08402  	-0.0244  	-0.1463  	0.25568  	0.02392  	0.03437  	0.02857  	-0.0230  	-0.0807  	-0.0516  	0.03494  	0.00329  	0.04889  	-0.0127  	0.01864  	0.01270  	-0.0055  	0.02366  	0.00230  	-0.0327  	0.03493  	0.00384  	-0.0294  	0.02928  	-0.0032  	-0.0017  	0.02946  	0.00073  	-0.0069  	-0.0242  	0.03589  	-0.0073  	0.02253  	-0.2797  	
-0.0064  	-0.0017  	0.03123  	0.70747  	0.11956  	0.41689  	0.10831  	-0.6504  	0.14822  	0.01677  	0.15810  	0.38816  	0.02270  	-0.4447  	-0.8129  	0.81314  	-0.1328  	0.25925  	-0.2782  	0.45500  	-0.0187  	-0.1926  	-0.6480  	0.35886  	-0.2476  	-0.1131  	-0.3735  	-0.1409  	-0.1988  	-0.1507  	-0.1787  	0.25894  	0.26301  	-0.0477  	0.26468  	0.23443  	0.11546  	-0.0063  	-0.2023  	0.25661  	-0.0619  	0.05568  	-0.0037  	-0.0168  	-0.0764  	-0.0430  	0.04089  	0.00627  	0.05446  	-0.0021  	0.02263  	0.01764  	-0.0025  	0.02649  	0.00071  	-0.0375  	0.02330  	0.01043  	-0.0252  	0.03369  	0.00064  	-0.0019  	0.02653  	-0.0084  	-0.0069  	-0.0242  	0.03589  	-0.0073  	0.02253  	-0.2797  	
0.12163  	0.04216  	0.06752  	0.80643  	0.23253  	0.47636  	0.12343  	-0.6045  	0.15672  	-0.0050  	-0.0914  	0.27916  	0.12761  	-0.3208  	-0.5498  	0.73771  	-0.0996  	0.20423  	-0.2934  	0.36949  	-0.0529  	-0.1612  	-0.5558  	0.36500  	-0.2027  	-0.1580  	-0.2679  	-0.2307  	-0.1288  	-0.0965  	-0.2172  	0.24054  	0.26086  	-0.0584  	0.29777  	0.20988  	0.11283  	-0.0398  	-0.1874  	0.25922  	-0.0830  	0.06772  	-0.0069  	-0.0346  	-0.0751  	-0.0502  	0.03265  	0.02160  	0.06091  	-0.0224  	0.01447  	0.01408  	-0.0071  	0.01957  	0.00465  	-0.0232  	0.03237  	-0.0048  	-0.0242  	0.02881  	0.00631  	0.00029  	0.02710  	-0.0112  	-0.0069  	-0.0242  	0.03589  	-0.0073  	0.02253  	-0.2797  	
0.29670  	0.07533  	0.20537  	0.79642  	0.16995  	0.53351  	0.18852  	-0.5805  	0.21218  	0.09828  	-0.2032  	0.17429  	0.18566  	-0.1533  	-0.4876  	0.67300  	-0.0928  	0.21988  	-0.2988  	0.29675  	-0.0857  	-0.1167  	-0.4931  	0.24608  	-0.0684  	-0.1752  	-0.2837  	-0.2292  	0.00495  	-0.0473  	-0.1991  	0.22878  	0.24721  	-0.0426  	0.19291  	0.21114  	0.06350  	-0.0401  	-0.1060  	0.27104  	-0.0111  	0.04939  	0.03824  	-0.0085  	-0.0800  	-0.0452  	0.01380  	0.04265  	0.07585  	-0.0213  	0.01495  	0.01365  	0.00140  	0.01926  	0.00977  	-0.0159  	0.02287  	-3.9804  	-0.0349  	0.03581  	0.00588  	-0.0014  	0.02733  	-0.0145  	-0.0069  	-0.0242  	0.03589  	-0.0073  	0.02253  	-0.2797  	
0.13966  	0.09832  	0.15532  	0.56530  	0.08488  	0.47119  	0.19880  	-0.5776  	0.18196  	0.14531  	-0.1001  	0.08163  	0.17602  	-0.2197  	-0.6057  	0.64657  	-0.0955  	0.19282  	-0.2874  	0.25648  	-0.0966  	-0.0711  	-0.5178  	0.30280  	-0.0033  	-0.1591  	-0.2090  	-0.2834  	-0.0582  	-0.0476  	-0.1827  	0.23477  	0.22383  	-0.0532  	0.19464  	0.23773  	0.07874  	-0.0210  	-0.1235  	0.28152  	-0.0226  	0.04838  	0.03805  	-0.0143  	-0.0988  	-0.0477  	0.02140  	0.04033  	0.07249  	-0.0194  	0.01460  	0.01677  	-0.0023  	0.02570  	0.00703  	-0.0308  	0.01755  	-0.0018  	-0.0404  	0.03988  	0.00729  	-0.0013  	0.03376  	-0.0110  	-0.0069  	-0.0242  	0.03589  	-0.0073  	0.02253  	-0.2797  	
-0.1223  	-0.0382  	-0.0524  	0.75903  	0.20028  	0.32824  	0.16582  	-0.6338  	0.16155  	0.06664  	0.14934  	0.34771  	0.06924  	-0.3462  	-0.7302  	0.81011  	-0.1062  	0.23785  	-0.2929  	0.49771  	-0.0085  	-0.2003  	-0.6238  	0.34405  	-0.1436  	-0.1493  	-0.3338  	-0.1347  	-0.1347  	-0.0972  	-0.2189  	0.26097  	0.26224  	-0.0436  	0.28687  	0.22761  	0.12319  	-0.0177  	-0.2048  	0.27491  	-0.0454  	0.05490  	-0.0251  	-0.0377  	-0.0773  	-0.0437  	0.03928  	0.00546  	0.05071  	-0.0083  	0.01959  	0.01536  	-0.0083  	0.02508  	0.00418  	-0.0285  	0.02404  	0.00021  	-0.0258  	0.03106  	0.01250  	-0.0036  	0.02770  	-0.0118  	-0.0069  	-0.0242  	0.03589  	-0.0073  	0.02253  	-0.2797  	
-0.2768  	-0.0313  	-0.1912  	0.69556  	0.20066  	0.25060  	0.12192  	-0.6400  	0.14727  	0.04570  	0.16993  	0.50051  	0.01536  	-0.4939  	-0.7733  	0.77988  	-0.1239  	0.31920  	-0.3163  	0.54347  	-0.0949  	-0.2343  	-0.6626  	0.29867  	-0.2046  	-0.1297  	-0.4753  	0.02879  	-0.0634  	-0.1409  	-0.2123  	0.21780  	0.26719  	-0.0338  	0.21316  	0.23325  	0.02707  	-0.0259  	-0.1735  	0.25788  	-0.0511  	0.04310  	-0.0303  	-0.0573  	-0.0797  	-0.0440  	0.04294  	-0.0066  	0.03948  	-0.0161  	0.01186  	0.00644  	-0.0057  	0.01953  	0.00789  	-0.0332  	0.03160  	0.00392  	-0.0296  	0.02657  	0.00056  	0.00402  	0.03484  	-0.0114  	-0.0069  	-0.0242  	0.03589  	-0.0073  	0.02253  	-0.2797  	
-0.1576  	-0.0348  	-0.1197  	0.63956  	0.15220  	0.38205  	0.12927  	-0.6140  	0.17356  	-0.0366  	0.02252  	0.37726  	-0.0006  	-0.5090  	-0.7521  	0.81078  	-0.0736  	0.32536  	-0.2612  	0.45650  	-0.1052  	-0.2131  	-0.5911  	0.28672  	-0.1167  	-0.1285  	-0.4094  	-0.0499  	-0.0024  	-0.1003  	-0.2221  	0.21756  	0.25850  	-0.0646  	0.14300  	0.22454  	0.06261  	-0.0389  	-0.1588  	0.26668  	-0.0424  	0.04077  	0.00408  	-0.0200  	-0.0680  	-0.0388  	0.04432  	0.00584  	0.05133  	-0.0262  	0.00782  	0.01579  	-0.0094  	0.02230  	0.00912  	-0.0318  	0.03634  	-0.0032  	-0.0273  	0.03384  	0.00281  	-0.0146  	0.02732  	-0.0099  	-0.0069  	-0.0242  	0.03589  	-0.0073  	0.02253  	-0.2797  	
-0.0421  	-0.0016  	-1.0194  	0.60273  	0.10172  	0.43113  	0.08425  	-0.6192  	0.17670  	-0.0025  	0.05044  	0.30371  	-0.0048  	-0.6373  	-0.9028  	0.91666  	-0.0914  	0.31430  	-0.2428  	0.47522  	-0.0946  	-0.2306  	-0.5847  	0.28337  	-0.1412  	-0.1505  	-0.4175  	-0.0643  	-0.0458  	-0.1190  	-0.2136  	0.24348  	0.23775  	-0.0611  	0.15405  	0.26753  	0.07860  	-0.0313  	-0.1528  	0.25257  	0.00482  	0.02297  	0.02828  	-0.0162  	-0.0726  	-0.0450  	0.03203  	0.00601  	0.05842  	-0.0250  	0.01395  	0.01011  	0.00102  	0.01548  	0.00697  	-0.0312  	0.04224  	0.00492  	-0.0268  	0.03024  	0.00105  	-0.0105  	0.03186  	-0.0051  	-0.0069  	-0.0242  	0.03589  	-0.0073  	0.02253  	-0.2797  	
0.02157  	0.01349  	0.04291  	0.60069  	0.12074  	0.41810  	0.11404  	-0.6737  	0.17029  	0.08491  	0.11511  	0.36803  	-0.0456  	-0.6489  	-1.0001  	0.93822  	-0.1184  	0.33147  	-0.2883  	0.49627  	-0.1299  	-0.2114  	-0.6223  	0.28393  	-0.1277  	-0.1394  	-0.4126  	-0.0154  	-0.0129  	-0.1102  	-0.2107  	0.23764  	0.22753  	-0.0529  	0.16366  	0.29181  	0.04511  	-0.0340  	-0.1319  	0.27128  	0.00701  	0.03673  	0.02171  	-0.0115  	-0.0792  	-0.0458  	0.03464  	0.01392  	0.05430  	-0.0191  	0.02977  	0.01343  	0.00452  	0.01271  	0.00624  	-0.0331  	0.04379  	0.00551  	-0.0250  	0.02943  	0.00283  	-0.0081  	0.03593  	-0.0012  	-0.0069  	-0.0242  	0.03589  	-0.0073  	0.02253  	-0.2797  	
-0.0721  	-0.0629  	0.02382  	0.50951  	0.03070  	0.37866  	0.13602  	-0.6889  	0.14662  	0.04969  	0.13396  	0.26786  	-0.0526  	-0.6826  	-1.0219  	0.89196  	-0.1126  	0.32801  	-0.2556  	0.48475  	-0.0994  	-0.2173  	-0.5847  	0.26762  	-0.0954  	-0.1623  	-0.3535  	-0.0406  	-0.0523  	-0.1006  	-0.2184  	0.27243  	0.22919  	-0.0552  	0.17601  	0.33146  	0.11591  	-0.0044  	-0.1619  	0.24789  	-0.0085  	0.04175  	0.02038  	-0.0078  	-0.0792  	-0.0452  	0.03590  	0.00102  	0.04942  	-0.0201  	0.02616  	0.01474  	0.00129  	0.02489  	0.00976  	-0.0317  	0.03748  	0.00534  	-0.0275  	0.02964  	-0.0012  	-0.0107  	0.03757  	-0.0042  	-0.0069  	-0.0242  	0.03589  	-0.0073  	0.02253  	-0.2797  	
-0.0695  	-0.0117  	0.05582  	0.56553  	0.02422  	0.42425  	0.13700  	-0.6555  	0.14425  	-0.0576  	0.14192  	0.26759  	-0.0503  	-0.5649  	-0.8624  	0.82994  	-0.0842  	0.26719  	-0.2720  	0.41975  	0.01249  	-0.2098  	-0.5378  	0.32833  	-0.1320  	-0.1583  	-0.3025  	-0.1785  	-0.1396  	-0.1174  	-0.2175  	0.28069  	0.24482  	-0.0556  	0.22954  	0.25399  	0.19921  	0.01121  	-0.1962  	0.23742  	-0.0220  	0.04184  	1.49633  	-0.0184  	-0.0795  	-0.0451  	0.03594  	0.00820  	0.04940  	-0.0127  	0.01832  	0.01827  	0.00145  	0.02888  	0.01119  	-0.0315  	0.02995  	0.00400  	-0.0260  	0.03187  	-0.0006  	-0.0093  	0.02879  	-0.0077  	-0.0069  	-0.0242  	0.03589  	-0.0073  	0.02253  	-0.2797  	
0.14403  	0.02777  	0.15209  	0.47815  	-0.0581  	0.44324  	0.13813  	-0.5065  	0.21050  	-0.0250  	0.30280  	0.35481  	-0.0215  	-0.5336  	-0.9977  	0.99685  	-0.1158  	0.25591  	-0.2662  	0.48894  	0.10079  	-0.2316  	-0.5815  	0.24457  	-0.1805  	-0.1756  	-0.3685  	-0.1961  	-0.2084  	-0.1466  	-0.2006  	0.25059  	0.27465  	-0.0646  	0.24224  	0.21072  	0.21237  	0.02774  	-0.2091  	0.20150  	-0.0216  	0.02345  	0.02170  	-0.0246  	-0.0874  	-0.0398  	0.03131  	0.01620  	0.05949  	-0.0226  	0.02259  	0.01583  	0.00279  	0.02055  	0.00350  	-0.0195  	0.03264  	-0.0009  	-0.0308  	0.03918  	0.00168  	-0.0057  	0.04579  	-0.0038  	-0.0069  	-0.0242  	0.03589  	-0.0073  	0.02253  	-0.2797  	
0.13611  	0.03388  	0.19873  	0.47823  	-0.0025  	0.40581  	0.17058  	-0.5315  	0.22716  	0.07982  	0.26142  	0.35965  	0.01237  	-0.4391  	-0.9941  	0.98680  	-0.1336  	0.27004  	-0.2518  	0.47231  	0.11068  	-0.2251  	-0.5999  	0.25825  	-0.1305  	-0.1906  	-0.3493  	-0.2172  	-0.1985  	-0.1435  	-0.2255  	0.26146  	0.28031  	-0.0601  	0.22698  	0.21903  	0.19666  	0.02454  	-0.1700  	0.22830  	-0.0028  	0.03787  	0.03547  	-0.0203  	-0.0852  	-0.0386  	0.02714  	0.02281  	0.05561  	-0.0234  	0.01413  	0.01508  	0.00019  	0.02649  	0.00315  	-0.0248  	0.02822  	0.00108  	-0.0327  	0.03816  	0.00255  	-0.0137  	0.03300  	-0.0091  	-0.0069  	-0.0242  	0.03589  	-0.0073  	0.02253  	-0.2797  	
-0.0658  	-0.0208  	0.08774  	0.54053  	0.06487  	0.37442  	0.14171  	-0.6158  	0.17548  	0.05631  	0.22055  	0.30021  	-0.0107  	-0.4819  	-0.9557  	0.84611  	-0.1003  	0.28437  	-0.2645  	0.46564  	0.00071  	-0.2293  	-0.5711  	0.30972  	-0.1252  	-0.1612  	-0.3443  	-0.1967  	-0.1780  	-0.1303  	-0.2009  	0.25293  	0.27401  	-0.0691  	0.22627  	0.23055  	0.17358  	0.00488  	-0.2082  	0.24228  	-0.0183  	0.04173  	0.01762  	-0.0242  	-0.0750  	-0.0509  	0.04138  	-0.0080  	0.05736  	-0.0239  	0.00645  	0.01527  	-0.0038  	0.03167  	-0.0019  	-0.0391  	0.02879  	0.00116  	-0.0334  	0.03158  	-0.0006  	-0.0081  	0.03779  	-0.0080  	-0.0069  	-0.0242  	0.03589  	-0.0073  	0.02253  	-0.2797  	
-0.1887  	-0.0564  	-0.0070  	0.44633  	-0.0374  	0.36010  	0.06389  	-0.6647  	0.15631  	-0.0464  	0.18716  	0.27634  	-0.0654  	-0.7157  	-0.9535  	0.80967  	-0.0640  	0.27542  	-0.2501  	0.40651  	0.00991  	-0.2174  	-0.4629  	0.29104  	-0.1782  	-0.1451  	-0.3481  	-0.1977  	-0.1475  	-0.1463  	-0.2138  	0.24685  	0.22143  	-0.0636  	0.17998  	0.25387  	0.17788  	0.03541  	-0.2098  	0.21397  	0.01227  	0.02789  	0.01685  	-0.0162  	-0.0794  	-0.0506  	0.03708  	-0.0082  	0.03951  	-0.0187  	0.00970  	0.01476  	-0.0011  	0.02312  	0.00661  	-0.0357  	0.03021  	0.00922  	-0.0252  	0.02410  	-0.0010  	-0.0081  	0.03578  	-0.0004  	-0.0069  	-0.0242  	0.03589  	-0.0073  	0.02253  	-0.2797  	
-0.2217  	-0.0387  	-0.0422  	0.37026  	-0.0534  	0.30254  	0.10450  	-0.6884  	0.13943  	-0.0025  	0.16266  	0.25316  	-0.0342  	-0.7222  	-1.0125  	0.77771  	-0.0618  	0.30809  	-0.2809  	0.43854  	-0.1273  	-0.2075  	-0.5196  	0.17381  	-0.1960  	-0.0999  	-0.4534  	-0.0241  	-0.0285  	-0.1487  	-0.1990  	0.21538  	0.24106  	-0.0600  	0.07611  	0.26870  	0.08790  	0.00042  	-0.1601  	0.23376  	0.06266  	0.01451  	0.03068  	-0.0207  	-0.0852  	-0.0450  	0.04029  	0.00297  	0.03814  	-0.0072  	0.01160  	0.01392  	-0.0005  	0.02192  	0.00502  	-0.0380  	0.03165  	0.00699  	-0.0281  	0.02743  	-8.7360  	-0.0044  	0.03557  	-0.0022  	-0.0069  	-0.0242  	0.03589  	-0.0073  	0.02253  	-0.2797  	
-0.2422  	-0.0469  	-0.0624  	0.35106  	-0.0427  	0.27344  	0.10586  	-0.7036  	0.14461  	0.03720  	0.19682  	0.26380  	-0.0146  	-0.6953  	-1.0299  	0.80230  	-0.0953  	0.33912  	-0.2774  	0.46626  	-0.1576  	-0.2305  	-0.5684  	0.15776  	-0.1991  	-0.1132  	-0.5084  	0.02800  	0.00308  	-0.1583  	-0.1932  	0.20913  	0.25490  	-0.0481  	0.08171  	0.28500  	0.05710  	-0.0150  	-0.1533  	0.23594  	0.08065  	0.01355  	0.03498  	-0.0162  	-0.0792  	-0.0434  	0.04606  	0.00183  	0.04027  	-0.0149  	0.00911  	0.01178  	0.00071  	0.02380  	0.00642  	-0.0424  	0.03261  	0.00847  	-0.0297  	0.02482  	0.00246  	-0.0076  	0.04003  	0.00094  	-0.0069  	-0.0242  	0.03589  	-0.0073  	0.02253  	-0.2797  	
-0.2661  	-0.0715  	-0.0500  	0.34886  	-0.0562  	0.26200  	0.09158  	-0.7294  	0.13389  	0.04474  	0.23272  	0.25775  	-0.0376  	-0.7297  	-1.0694  	0.81241  	-0.0797  	0.32836  	-0.2755  	0.45557  	-0.1474  	-0.2540  	-0.5551  	0.19392  	-0.1900  	-0.1134  	-0.4754  	-0.0097  	-0.0303  	-0.1559  	-0.1929  	0.22894  	0.24578  	-0.0547  	0.09322  	0.27980  	0.07710  	-0.0117  	-0.1677  	0.23482  	0.06731  	0.01529  	0.03248  	-0.0183  	-0.0711  	-0.0434  	0.04259  	-0.0045  	0.03865  	-0.0099  	0.01205  	0.01242  	-0.0011  	0.02112  	0.00409  	-0.0375  	0.02864  	0.00932  	-0.0289  	0.02454  	0.00322  	-0.0065  	0.03835  	-0.0049  	-0.0069  	-0.0242  	0.03589  	-0.0073  	0.02253  	-0.2797  	
-0.3202  	-0.0964  	-0.0942  	0.33157  	-0.0524  	0.21404  	0.11136  	-0.7283  	0.12989  	0.05963  	0.22174  	0.26928  	-0.0575  	-0.7677  	-1.0900  	0.80210  	-0.0835  	0.32467  	-0.2912  	0.46790  	-0.1763  	-0.2486  	-0.5429  	0.19229  	-0.1856  	-0.1096  	-0.4551  	0.00702  	0.01097  	-0.1386  	-0.1906  	0.22284  	0.23185  	-0.0477  	0.07906  	0.29812  	0.05592  	-0.0031  	-0.1539  	0.24103  	0.06625  	0.02196  	0.03025  	-0.0127  	-0.0750  	-0.0456  	0.04113  	-0.0078  	0.03480  	-0.0153  	0.01118  	0.01710  	0.00254  	0.02242  	0.00530  	-0.0394  	0.02705  	0.00420  	-0.0291  	0.02946  	0.00469  	-0.0047  	0.02900  	-0.0047  	-0.0069  	-0.0242  	0.03589  	-0.0073  	0.02253  	-0.2797  	
-0.2953  	-0.0688  	-0.0670  	0.41038  	0.00454  	0.24702  	0.09526  	-0.6991  	0.13725  	0.04010  	0.18231  	0.31431  	-0.0265  	-0.7059  	-1.0273  	0.80182  	-0.0690  	0.32888  	-0.2937  	0.45811  	-0.1668  	-0.2416  	-0.5337  	0.18805  	-0.2135  	-0.1126  	-0.4883  	0.02084  	-0.0009  	-0.1383  	-0.1850  	0.21338  	0.24137  	-0.0487  	0.07729  	0.27039  	0.05601  	-0.0083  	-0.1436  	0.23884  	0.05536  	0.02047  	0.02859  	-0.0218  	-0.0803  	-0.0433  	0.04238  	-0.0031  	0.03521  	-0.0141  	0.01091  	0.01500  	0.00099  	0.02049  	0.00318  	-0.0403  	0.02965  	0.00394  	-0.0268  	0.02806  	0.00409  	-0.0009  	0.03017  	-0.0043  	-0.0069  	-0.0242  	0.03589  	-0.0073  	0.02253  	-0.2797  	
-0.2466  	-0.0292  	-0.0549  	0.48593  	0.06384  	0.27224  	0.09350  	-0.6766  	0.15122  	0.03420  	0.14621  	0.35058  	-0.0208  	-0.6351  	-0.9733  	0.77928  	-0.0851  	0.33706  	-0.2978  	0.45972  	-0.1631  	-0.2267  	-0.5644  	0.18235  	-0.2252  	-0.1130  	-0.5003  	0.05258  	0.00862  	-0.1349  	-0.1846  	0.20557  	0.26368  	-0.0421  	0.08794  	0.25766  	0.03315  	-0.0257  	-0.1312  	0.24531  	0.04166  	0.02877  	0.02984  	-0.0263  	-0.0757  	-0.0438  	0.03908  	-0.0055  	0.03303  	-0.0082  	0.01104  	0.01440  	-0.0019  	0.01867  	0.00103  	-0.0401  	0.03604  	0.00455  	-0.0297  	0.02663  	0.00178  	0.00161  	0.03187  	-0.0014  	-0.0069  	-0.0242  	0.03589  	-0.0073  	0.02253  	-0.2797  	
-0.1334  	-0.0079  	-0.0105  	0.61127  	0.10580  	0.35440  	0.08631  	-0.6145  	0.18720  	-0.0102  	0.14613  	0.38757  	-0.0272  	-0.5451  	-0.8405  	0.80868  	-0.0820  	0.29784  	-0.2966  	0.47381  	-0.0660  	-0.2469  	-0.5655  	0.25287  	-0.2464  	-0.1138  	-0.4677  	-0.0268  	-0.0727  	-0.1403  	-0.2016  	0.22322  	0.27846  	-0.0445  	0.17295  	0.20824  	0.09106  	-0.0222  	-0.1653  	0.23578  	0.01746  	0.02662  	0.02063  	-0.0229  	-0.0792  	-0.0440  	0.04115  	-0.0047  	0.03880  	-0.0132  	0.01036  	0.01281  	-0.0037  	0.02201  	0.00311  	-0.0350  	0.03101  	0.00155  	-0.0293  	0.03283  	0.00103  	-0.0011  	0.02680  	-0.0035  	-0.0069  	-0.0242  	0.03589  	-0.0073  	0.02253  	-0.2797  	
-0.0153  	0.03917  	0.04627  	0.64734  	0.08994  	0.41060  	0.10668  	-0.5760  	0.19119  	-0.0216  	0.15560  	0.34724  	-0.0050  	-0.4443  	-0.7268  	0.82898  	-0.0737  	0.24170  	-0.2924  	0.40772  	0.04512  	-0.2235  	-0.5466  	0.30620  	-0.2201  	-0.1363  	-0.3679  	-0.1750  	-0.1833  	-0.1413  	-0.2139  	0.24745  	0.26993  	-0.0534  	0.25459  	0.16528  	0.18181  	0.01546  	-0.2050  	0.22013  	-0.0133  	0.03604  	0.00750  	-0.0291  	-0.0808  	-0.0408  	0.03655  	-0.0065  	0.04473  	-0.0143  	0.00933  	0.01420  	-0.0021  	0.02775  	0.00501  	-0.0288  	0.02575  	0.00247  	-0.0285  	0.02895  	0.00671  	0.00471  	0.03255  	-0.0060  	-0.0069  	-0.0242  	0.03589  	-0.0073  	0.02253  	-0.2797  	
0.09444  	0.07616  	0.13151  	0.61213  	0.01817  	0.45916  	0.10169  	-0.5267  	0.23084  	-0.0507  	0.20977  	0.32322  	0.01507  	-0.4162  	-0.7301  	0.85783  	-0.0750  	0.21508  	-0.2805  	0.37600  	0.15801  	-0.2021  	-0.5092  	0.33027  	-0.2274  	-0.1496  	-0.3247  	-0.2980  	-0.2693  	-0.1567  	-0.2030  	0.26077  	0.27735  	-0.0608  	0.29574  	0.14444  	0.25716  	0.04211  	-0.2393  	0.19136  	-0.0329  	0.03367  	0.00359  	-0.0289  	-0.0763  	-0.0437  	0.03690  	-0.0050  	0.04280  	-0.0060  	0.00681  	0.01474  	0.00038  	0.02822  	0.00430  	-0.0223  	0.02687  	0.00520  	-0.0319  	0.03156  	0.00840  	0.00491  	0.02854  	-0.0048  	-0.0069  	-0.0242  	0.03589  	-0.0073  	0.02253  	-0.2797  	
0.16314  	0.11181  	0.21165  	0.59616  	-0.0045  	0.52255  	0.12261  	-0.4804  	0.23904  	-0.0403  	0.26709  	0.34736  	0.00977  	-0.3939  	-0.7991  	0.92997  	-0.0788  	0.19129  	-0.2656  	0.35991  	0.20181  	-0.1978  	-0.4571  	0.36600  	-0.2359  	-0.1543  	-0.2787  	-0.3304  	-0.3113  	-0.1559  	-0.2162  	0.26771  	0.28195  	-0.0603  	0.29114  	0.13769  	0.29194  	0.05591  	-0.2399  	0.17510  	-0.0528  	0.03560  	0.01368  	-0.0226  	-0.0774  	-0.0430  	0.03201  	0.00956  	0.04610  	-0.0049  	0.00402  	0.01637  	0.00323  	0.02812  	0.00322  	-0.0219  	0.02174  	0.00535  	-0.0362  	0.03206  	0.00703  	0.00198  	0.03406  	-0.0073  	-0.0069  	-0.0242  	0.03589  	-0.0073  	0.02253  	-0.2797  	
0.15381  	0.10843  	0.23349  	0.57212  	-0.0088  	0.50442  	0.12264  	-0.4858  	0.23548  	-0.0172  	0.29513  	0.33539  	0.00258  	-0.4015  	-0.8485  	0.94379  	-0.0825  	0.19746  	-0.2739  	0.35767  	0.20986  	-0.2090  	-0.4676  	0.38619  	-0.2193  	-0.1638  	-0.2567  	-0.3367  	-0.3273  	-0.1583  	-0.2153  	0.27520  	0.27448  	-0.0609  	0.31209  	0.14134  	0.30008  	0.05632  	-0.2449  	0.17798  	-0.0636  	0.03369  	0.01417  	-0.0211  	-0.0769  	-0.0437  	0.02864  	0.01067  	0.04712  	-0.0060  	0.00927  	0.01547  	0.00369  	0.02667  	0.00325  	-0.0191  	0.02274  	0.00499  	-0.0351  	0.03365  	0.00875  	0.00217  	0.03660  	-0.0056  	-0.0069  	-0.0242  	0.03589  	-0.0073  	0.02253  	-0.2797  	
0.19472  	0.09244  	0.24284  	0.54678  	-0.0131  	0.47287  	0.12824  	-0.5049  	0.22854  	0.02201  	0.33214  	0.37638  	-0.0163  	-0.4339  	-0.9611  	1.01371  	-0.0955  	0.22591  	-0.2632  	0.39123  	0.18141  	-0.2259  	-0.5426  	0.33961  	-0.1753  	-0.1831  	-0.2951  	-0.3036  	-0.2903  	-0.1426  	-0.2243  	0.27880  	0.27782  	-0.0674  	0.29971  	0.15833  	0.27892  	0.04779  	-0.2212  	0.19356  	-0.0411  	0.02918  	0.02870  	-0.0169  	-0.0762  	-0.0425  	0.01995  	0.01806  	0.05450  	-0.0097  	0.01466  	0.01412  	0.00278  	0.02636  	0.00322  	-0.0147  	0.02204  	0.00054  	-0.0387  	0.03770  	0.00197  	-0.0027  	0.03442  	-0.0059  	-0.0069  	-0.0242  	0.03589  	-0.0073  	0.02253  	-0.2797  	
0.10748  	0.08872  	0.17846  	0.54741  	0.04873  	0.39203  	0.15396  	-0.5256  	0.24172  	0.07422  	0.25377  	0.36691  	0.01105  	-0.3892  	-0.8502  	0.99537  	-0.0931  	0.23944  	-0.2595  	0.44528  	0.10816  	-0.2371  	-0.6543  	0.29298  	-0.0835  	-0.1844  	-0.3017  	-0.2550  	-0.1539  	-0.1182  	-0.2370  	0.26724  	0.27614  	-0.0620  	0.27282  	0.20728  	0.21317  	0.01894  	-0.1709  	0.23717  	-0.0421  	0.04368  	0.02272  	-0.0237  	-0.0807  	-0.0484  	0.02533  	0.03542  	0.06425  	-0.0241  	0.02107  	0.01208  	-0.0024  	0.03149  	0.00845  	-0.0173  	0.02066  	0.00377  	-0.0337  	0.04299  	-0.0007  	-0.0022  	0.03201  	-0.0036  	-0.0069  	-0.0242  	0.03589  	-0.0073  	0.02253  	-0.2797  	
0.08217  	0.08952  	0.03692  	0.93598  	0.26309  	0.37762  	0.15459  	-0.6386  	0.21394  	0.06665  	-0.0046  	0.38835  	0.08199  	-0.2548  	-0.6233  	0.83293  	-0.0870  	0.21859  	-0.2826  	0.44850  	-0.0637  	-0.1870  	-0.6904  	0.30673  	0.02847  	-0.1677  	-0.2820  	-0.0978  	-0.0063  	-0.0480  	-0.2736  	0.23458  	0.25056  	-0.0297  	0.28442  	0.23329  	0.09867  	-0.0535  	-0.1435  	0.28971  	-0.1141  	0.06357  	-0.0178  	-0.0340  	-0.0756  	-0.0377  	0.02431  	0.03755  	0.06745  	-0.0286  	0.02848  	0.01236  	-0.0044  	0.02602  	0.00589  	-0.0109  	0.03083  	0.00245  	-0.0188  	0.03778  	0.00494  	-0.0057  	0.02762  	-0.0134  	-0.0069  	-0.0242  	0.03589  	-0.0073  	0.02253  	-0.2797  	
0.10702  	0.05967  	-0.0987  	1.44625  	0.62925  	0.45063  	0.14931  	-0.5960  	0.22074  	-0.0739  	-0.2400  	0.39926  	0.16701  	-0.0114  	-0.3401  	0.71903  	-0.1568  	0.17500  	-0.3246  	0.48950  	-0.2371  	-0.1676  	-0.7578  	0.32690  	0.08495  	-0.1875  	-0.3726  	0.06866  	0.15928  	0.06013  	-0.3411  	0.19041  	0.25140  	-0.0329  	0.31521  	0.27645  	-0.0745  	-0.0822  	-0.1141  	0.35829  	-0.2028  	0.08941  	-0.0731  	-0.0335  	-0.0581  	-0.0594  	0.01565  	0.00830  	0.06007  	-0.0207  	0.01334  	0.00282  	-0.0019  	0.02131  	-9.0578  	-0.0368  	0.05455  	-0.0093  	-0.0394  	0.03279  	-0.0044  	-0.0044  	0.02502  	0.00062  	-0.0069  	-0.0242  	0.03589  	-0.0073  	0.02253  	-0.2797  	
0.03966  	0.05053  	-0.0871  	1.37814  	0.53846  	0.37303  	0.13416  	-0.6160  	0.19064  	-0.0647  	-0.2873  	0.39495  	0.15932  	-0.1364  	-0.4088  	0.68601  	-0.1328  	0.24046  	-0.3462  	0.53373  	-0.2955  	-0.1500  	-0.7430  	0.32762  	0.00095  	-0.1789  	-0.4113  	0.08681  	0.17098  	0.04174  	-0.3246  	0.21806  	0.25850  	-0.0038  	0.24410  	0.27977  	-0.0885  	-0.0748  	-0.0937  	0.35208  	-0.1499  	0.07083  	-0.0435  	-0.0267  	-0.0463  	-0.0568  	0.02875  	0.00947  	0.06949  	-0.0135  	0.02181  	0.00783  	0.00165  	0.02878  	0.00400  	-0.0359  	0.04233  	0.00194  	-0.0252  	0.03251  	-0.0039  	0.00200  	0.02604  	0.00417  	-0.0069  	-0.0242  	0.03589  	-0.0073  	0.02253  	-0.2797  	
-0.1018  	0.06215  	-0.0783  	0.95433  	0.30723  	0.46983  	0.09456  	-0.6130  	0.19679  	-0.0121  	-0.2118  	0.39504  	0.14796  	-0.3946  	-0.6718  	0.81081  	-0.1479  	0.28719  	-0.3258  	0.56453  	-0.2190  	-0.1396  	-0.6603  	0.23639  	-0.1467  	-0.1392  	-0.4831  	0.08832  	0.09786  	-0.0598  	-0.2685  	0.19113  	0.27221  	-0.0049  	0.15304  	0.27082  	-0.0659  	-0.0855  	-0.0818  	0.27527  	-0.0348  	0.05599  	-0.0088  	-0.0246  	-0.0779  	-0.0499  	0.03599  	0.02908  	0.05932  	-0.0260  	0.01129  	0.00973  	0.00125  	0.01572  	0.00940  	-0.0227  	0.04500  	0.00269  	-0.0262  	0.03005  	0.00844  	-0.0045  	0.02841  	0.00062  	-0.0069  	-0.0242  	0.03589  	-0.0073  	0.02253  	-0.2797  	
0.01434  	-0.0005  	0.06206  	0.63134  	0.14863  	0.40219  	0.12067  	-0.5505  	0.15881  	0.01429  	0.00268  	0.28314  	0.07306  	-0.6384  	-0.8817  	0.89722  	-0.0454  	0.18449  	-0.2125  	0.27846  	-0.0999  	-0.3877  	-0.8672  	0.22124  	-0.1854  	-0.0702  	-0.4044  	-0.1189  	0.03979  	-0.1046  	-0.1338  	0.20320  	0.16165  	-0.1707  	0.11466  	0.23646  	-0.0245  	-0.0326  	-0.2387  	0.19724  	0.05479  	0.13246  	-0.0520  	0.04642  	-0.1234  	-0.0280  	0.00852  	0.02580  	0.05305  	-0.0393  	0.02315  	0.01416  	-0.0071  	0.02447  	0.01817  	-0.0323  	0.03312  	-0.0069  	-0.0347  	0.02963  	0.00295  	-0.0086  	0.03597  	-0.0032  	-0.0069  	-0.0242  	0.03589  	-0.0073  	0.02253  	-0.2797  	
-0.0133  	-0.0371  	0.12643  	0.57481  	0.10759  	0.35263  	0.11599  	-0.6219  	0.14119  	0.02873  	0.19897  	0.34403  	0.04805  	-0.7702  	-1.0250  	0.86483  	0.01167  	0.07990  	-0.1622  	0.10792  	-0.0334  	-0.5472  	-1.0353  	0.31015  	-0.1747  	-0.0125  	-0.3535  	-0.1753  	0.04297  	-0.1295  	-0.0447  	0.19642  	0.08954  	-0.2916  	0.09474  	0.28080  	-0.0350  	-0.0248  	-0.3260  	0.14262  	0.11284  	0.22648  	-0.1561  	0.09876  	-0.1565  	-0.0199  	-0.0065  	0.03634  	0.03365  	-0.0351  	0.03677  	0.02246  	0.00260  	0.04308  	0.01901  	-0.0310  	0.03853  	-0.0143  	-0.0214  	0.04832  	0.00891  	-0.0238  	0.01409  	-0.0062  	-0.0069  	-0.0242  	0.03589  	-0.0073  	0.02253  	-0.2797  	
-0.2279  	-0.0463  	-0.0810  	0.65023  	0.11531  	0.23760  	0.05009  	-0.5957  	0.09178  	0.00197  	0.22367  	0.37915  	0.02170  	-0.6825  	-0.8499  	0.76780  	0.03445  	0.01091  	-0.1567  	0.04500  	0.04113  	-0.5998  	-1.0607  	0.32011  	-0.2162  	0.01002  	-0.3297  	-0.2463  	0.02510  	-0.1095  	-0.0413  	0.17501  	0.07205  	-0.3511  	0.10710  	0.25054  	-0.0163  	-0.0248  	-0.3662  	0.10040  	0.08340  	0.26730  	-0.2251  	0.10179  	-0.1589  	-0.0069  	-0.0130  	0.03290  	0.00821  	-0.0292  	0.02648  	0.02516  	0.00080  	0.04758  	0.01160  	-0.0365  	0.03893  	-0.0103  	-0.0320  	0.04343  	0.01164  	-0.0226  	0.00427  	-0.0021  	-0.0069  	-0.0242  	0.03589  	-0.0073  	0.02253  	-0.2797  	
0.01657  	0.05055  	0.07357  	0.74849  	0.19592  	0.39666  	0.04107  	-0.5076  	0.14277  	-0.0464  	0.04368  	0.37688  	0.15685  	-0.4099  	-0.5385  	0.69218  	0.05262  	-0.0527  	-0.1625  	0.03141  	0.12917  	-0.5308  	-0.9538  	0.38642  	-0.2769  	-0.0087  	-0.2669  	-0.3144  	-0.0483  	-0.1394  	-0.0443  	0.18557  	0.11212  	-0.3000  	0.20136  	0.16250  	0.02268  	-0.0371  	-0.3763  	0.16837  	0.02781  	0.24029  	-0.1920  	0.07713  	-0.1591  	-0.0104  	-0.0075  	0.02759  	0.02202  	-0.0176  	0.02438  	0.02056  	-0.0088  	0.04928  	0.01093  	-0.0264  	0.02572  	-0.0171  	-0.0272  	0.04944  	0.00701  	0.00168  	-0.0046  	-0.0073  	-0.0069  	-0.0242  	0.03589  	-0.0073  	0.02253  	-0.2797  	
0.17646  	0.08609  	0.21392  	0.75157  	0.13920  	0.50317  	0.16080  	-0.5185  	0.19121  	0.03182  	-0.1832  	0.22200  	0.21417  	-0.2344  	-0.4960  	0.63656  	-0.0052  	0.07363  	-0.2543  	0.10549  	-0.0288  	-0.3090  	-0.7101  	0.23885  	-0.1666  	-0.0683  	-0.3181  	-0.2916  	0.03555  	-0.0851  	-0.0962  	0.17149  	0.18115  	-0.1677  	0.14437  	0.18297  	0.00030  	-0.0326  	-0.2234  	0.18746  	0.05145  	0.14921  	-0.0585  	0.04721  	-0.1203  	-0.0287  	0.00598  	0.04524  	0.06019  	-0.0232  	0.02443  	0.01523  	-0.0016  	0.03498  	0.01338  	-0.0190  	0.02334  	-0.0066  	-0.0320  	0.03949  	0.01090  	0.00092  	0.01457  	-0.0111  	-0.0069  	-0.0242  	0.03589  	-0.0073  	0.02253  	-0.2797  	
0.05932  	0.06555  	0.06434  	0.69288  	0.13661  	0.37027  	0.19599  	-0.6584  	0.15616  	0.08810  	-0.1205  	0.13607  	0.12528  	-0.2576  	-0.6190  	0.60403  	-0.0641  	0.18691  	-0.2942  	0.33241  	-0.0452  	-0.1402  	-0.5210  	0.29550  	-0.0082  	-0.1585  	-0.1988  	-0.2332  	-0.0536  	-0.0484  	-0.2039  	0.23786  	0.23275  	-0.0576  	0.23344  	0.21656  	0.12216  	-0.0272  	-0.1302  	0.27527  	-0.0457  	0.05769  	0.00747  	-0.0172  	-0.0736  	-0.0479  	0.02373  	0.01448  	0.05848  	-0.0229  	0.01603  	0.01778  	-0.0067  	0.02515  	0.00658  	-0.0262  	0.02136  	-0.0049  	-0.0301  	0.03709  	0.01146  	0.00106  	0.02551  	-0.0091  	-0.0069  	-0.0242  	0.03589  	-0.0073  	0.02253  	-0.2797  	
-0.0826  	0.02001  	0.01067  	0.50621  	0.04128  	0.39402  	0.15244  	-0.6749  	0.16359  	-0.0150  	0.16911  	0.24516  	0.01984  	-0.5318  	-0.9664  	0.81051  	-0.0911  	0.26574  	-0.2882  	0.42870  	0.01811  	-0.2401  	-0.5351  	0.30209  	-0.2124  	-0.1239  	-0.3888  	-0.1253  	-0.1329  	-0.1451  	-0.1796  	0.23580  	0.26702  	-0.0705  	0.20791  	0.19163  	0.16596  	-0.0308  	-0.1933  	0.24183  	0.01502  	0.03905  	0.00258  	-0.0117  	-0.0823  	-0.0440  	0.03190  	-0.0060  	0.04444  	-0.0086  	0.00634  	0.00809  	-0.0047  	0.01919  	-0.0045  	-0.0315  	0.03122  	-0.0017  	-0.0321  	0.02752  	0.00209  	0.00473  	0.03471  	-0.0072  	-0.0069  	-0.0242  	0.03589  	-0.0073  	0.02253  	-0.2797  	
-0.3171  	-0.0797  	-0.0759  	0.36382  	-0.0308  	0.27734  	0.13791  	-0.6924  	0.12621  	0.03812  	0.21219  	0.25144  	-0.0548  	-0.7517  	-1.1183  	0.78609  	-0.0910  	0.35622  	-0.2838  	0.48997  	-0.1389  	-0.2508  	-0.5606  	0.20320  	-0.1595  	-0.1280  	-0.4623  	0.00728  	0.01366  	-0.1356  	-0.2003  	0.21939  	0.23352  	-0.0528  	0.09423  	0.29893  	0.05506  	-0.0299  	-0.1391  	0.24535  	0.06981  	0.01903  	0.01755  	-0.0121  	-0.0723  	-0.0436  	0.03786  	-0.0060  	0.03376  	-0.0151  	0.01817  	0.01490  	0.00396  	0.02145  	0.00389  	-0.0367  	0.03834  	0.00395  	-0.0283  	0.03223  	0.00639  	-0.0060  	0.02632  	-0.0020  	-0.0069  	-0.0242  	0.03589  	-0.0073  	0.02253  	-0.2797  	
-0.3456  	-0.0743  	-0.1238  	0.41199  	0.03546  	0.22848  	0.10417  	-0.7316  	0.11783  	0.06191  	0.19470  	0.30986  	-0.0663  	-0.7042  	-1.0735  	0.76557  	-0.0900  	0.33516  	-0.2898  	0.47770  	-0.1701  	-0.2387  	-0.5855  	0.19636  	-0.1557  	-0.1181  	-0.4434  	0.01267  	0.01848  	-0.1241  	-0.1855  	0.21232  	0.22790  	-0.0505  	0.09410  	0.30732  	0.04238  	-0.0310  	-0.1429  	0.23832  	0.04082  	0.02953  	0.01739  	-0.0218  	-0.0645  	-0.0453  	0.04286  	-0.0076  	0.03515  	-0.0126  	0.01592  	0.01435  	0.00097  	0.02231  	0.00617  	-0.0392  	0.03919  	0.00662  	-0.0227  	0.03043  	0.00157  	-0.0044  	0.03110  	-0.0022  	-0.0069  	-0.0242  	0.03589  	-0.0073  	0.02253  	-0.2797  	
-0.3084  	-0.0675  	-0.0826  	0.40773  	0.00253  	0.27082  	0.06341  	-0.6844  	0.13622  	0.02006  	0.17124  	0.30742  	-0.0484  	-0.6936  	-1.0048  	0.79080  	-0.0549  	0.31199  	-0.2808  	0.45686  	-0.1327  	-0.2352  	-0.5422  	0.23613  	-0.1711  	-0.1131  	-0.4449  	-0.0058  	-0.0310  	-0.1339  	-0.1775  	0.21670  	0.23607  	-0.0532  	0.10658  	0.27047  	0.06670  	-0.0162  	-0.1622  	0.23488  	0.02421  	0.02316  	0.01828  	-0.0179  	-0.0698  	-0.0509  	0.04301  	-0.0124  	0.04147  	-0.0107  	0.01473  	0.01610  	-0.0031  	0.02365  	0.00948  	-0.0350  	0.03519  	0.00646  	-0.0296  	0.03008  	0.00233  	-0.0075  	0.03537  	-0.0040  	-0.0069  	-0.0242  	0.03589  	-0.0073  	0.02253  	-0.2797  	
-0.1819  	-0.0441  	-0.0243  	0.43897  	0.00753  	0.32850  	0.10370  	-0.6712  	0.14739  	0.02714  	0.20066  	0.29723  	-0.0501  	-0.6746  	-1.0135  	0.84631  	-0.0957  	0.31410  	-0.2822  	0.46583  	-0.1212  	-0.2495  	-0.5749  	0.23567  	-0.1828  	-0.1285  	-0.4385  	-0.0248  	-0.0429  	-0.1393  	-0.1946  	0.24046  	0.23825  	-0.0481  	0.14501  	0.29260  	0.09103  	-0.0122  	-0.1773  	0.23831  	0.02679  	0.02295  	0.01679  	-0.0238  	-0.0774  	-0.0406  	0.03975  	-0.0013  	0.03769  	-0.0165  	0.01238  	0.01229  	-0.0014  	0.01967  	0.00579  	-0.0359  	0.03516  	0.00546  	-0.0330  	0.02562  	-0.0009  	-0.0091  	0.03492  	-0.0018  	-0.0069  	-0.0242  	0.03589  	-0.0073  	0.02253  	-0.2797  	
-0.0818  	-0.0257  	0.03330  	0.47629  	0.01917  	0.35274  	0.14806  	-0.6755  	0.16570  	0.07232  	0.19341  	0.29456  	-0.0324  	-0.6558  	-1.0384  	0.87771  	-0.1308  	0.33460  	-0.2783  	0.48727  	-0.1333  	-0.2605  	-0.6139  	0.21541  	-0.1683  	-0.1429  	-0.4237  	0.00181  	-0.0416  	-0.1274  	-0.2025  	0.24705  	0.23689  	-0.0472  	0.17145  	0.30273  	0.08162  	0.00066  	-0.1668  	0.23896  	0.01685  	0.03399  	0.01769  	-0.0211  	-0.0830  	-0.0503  	0.03476  	0.00109  	0.04693  	-0.0202  	0.02173  	0.01854  	0.00340  	0.02385  	0.01143  	-0.0335  	0.03514  	0.00370  	-0.0280  	0.02790  	-0.0019  	-0.0096  	0.03603  	-0.0052  	-0.0069  	-0.0242  	0.03589  	-0.0073  	0.02253  	-0.2797  	
-0.0593  	-0.0374  	0.03118  	0.46716  	0.02889  	0.35915  	0.15517  	-0.6924  	0.16836  	0.09332  	0.19596  	0.28167  	-0.0288  	-0.6633  	-1.0714  	0.88888  	-0.1434  	0.34423  	-0.2854  	0.51906  	-0.1600  	-0.2512  	-0.6649  	0.18193  	-0.1424  	-0.1529  	-0.4498  	0.03214  	0.00673  	-0.1115  	-0.2010  	0.23592  	0.23796  	-0.0367  	0.16489  	0.33804  	0.05545  	-0.0126  	-0.1486  	0.25997  	0.00952  	0.03660  	0.02032  	-0.0170  	-0.0799  	-0.0459  	0.03657  	0.00367  	0.04297  	-0.0160  	0.02664  	0.01724  	0.00227  	0.02301  	0.01073  	-0.0345  	0.03917  	0.00722  	-0.0308  	0.02676  	-0.0024  	-0.0099  	0.03788  	-0.0067  	-0.0069  	-0.0242  	0.03589  	-0.0073  	0.02253  	-0.2797  	
-0.0672  	-0.0402  	0.03223  	0.42114  	0.00780  	0.35149  	0.14871  	-0.7149  	0.14779  	0.09972  	0.22346  	0.27023  	-0.0431  	-0.6756  	-1.1162  	0.89558  	-0.1452  	0.33197  	-0.2818  	0.49765  	-0.1422  	-0.2450  	-0.6402  	0.20202  	-0.1460  	-0.1541  	-0.4413  	-0.0054  	-0.0332  	-0.1199  	-0.2022  	0.24235  	0.23669  	-0.0461  	0.17430  	0.33898  	0.08509  	-0.0072  	-0.1640  	0.25577  	0.01694  	0.04261  	0.01867  	-0.0199  	-0.0783  	-0.0441  	0.03799  	0.00428  	0.04387  	-0.0123  	0.02518  	0.01748  	0.00268  	0.02213  	0.00937  	-0.0360  	0.03954  	0.00759  	-0.0302  	0.02769  	-0.0037  	-0.0089  	0.03616  	-0.0067  	-0.0069  	-0.0242  	0.03589  	-0.0073  	0.02253  	-0.2797  	
-0.0752  	-0.0345  	0.02024  	0.40902  	-0.0014  	0.35738  	0.16105  	-0.7153  	0.13588  	0.06686  	0.21136  	0.25489  	-0.0377  	-0.6574  	-1.0768  	0.85972  	-0.1352  	0.31533  	-0.2956  	0.48719  	-0.1209  	-0.2433  	-0.5937  	0.20829  	-0.1690  	-0.1463  	-0.4539  	-0.0053  	-0.0164  	-0.1336  	-0.2085  	0.24506  	0.23583  	-0.0514  	0.16457  	0.33522  	0.08298  	0.00167  	-0.1666  	0.26998  	0.03530  	0.04314  	0.01746  	-0.0250  	-0.0831  	-0.0447  	0.03954  	0.00074  	0.04363  	-0.0152  	0.02290  	0.01584  	0.00407  	0.02163  	0.01118  	-0.0382  	0.03690  	0.00432  	-0.0269  	0.02988  	-0.0022  	-0.0086  	0.03525  	-0.0042  	-0.0069  	-0.0242  	0.03589  	-0.0073  	0.02253  	-0.2797  	
-0.0813  	-0.0299  	-0.0033  	0.42191  	-0.0076  	0.34912  	0.14610  	-0.7072  	0.11948  	0.02990  	0.23720  	0.25853  	-0.0541  	-0.6473  	-1.0168  	0.80251  	-0.1146  	0.29773  	-0.2887  	0.46761  	-0.0556  	-0.2408  	-0.5676  	0.23642  	-0.1896  	-0.1429  	-0.4397  	-0.0611  	-0.0529  	-0.1402  	-0.2036  	0.24848  	0.23377  	-0.0558  	0.19243  	0.30030  	0.12261  	0.00513  	-0.1929  	0.24342  	0.02671  	0.04522  	0.01264  	-0.0310  	-0.0759  	-0.0461  	0.03863  	-0.0065  	0.04509  	-0.0202  	0.01825  	0.01609  	0.00818  	0.02176  	0.01094  	-0.0361  	0.03717  	0.00511  	-0.0273  	0.03061  	0.00241  	-0.0106  	0.03951  	-0.0011  	-0.0069  	-0.0242  	0.03589  	-0.0073  	0.02253  	-0.2797  	
-0.0741  	-0.0123  	-0.0010  	0.42747  	-0.0199  	0.33874  	0.13325  	-0.6706  	0.13676  	-0.0125  	0.26832  	0.25874  	-0.0638  	-0.6094  	-0.9409  	0.77747  	-0.1130  	0.26832  	-0.2769  	0.42718  	-0.0099  	-0.2205  	-0.5436  	0.26773  	-0.1849  	-0.1415  	-0.4069  	-0.1346  	-0.1279  	-0.1390  	-0.1969  	0.26430  	0.25283  	-0.0589  	0.22304  	0.25353  	0.16723  	0.01780  	-0.2175  	0.21651  	0.02212  	0.04361  	0.00077  	-0.0412  	-0.0828  	-0.0457  	0.03846  	-0.0064  	0.03903  	-0.0151  	0.00488  	0.01713  	0.00131  	0.02697  	0.00981  	-0.0418  	0.03511  	0.00621  	-0.0321  	0.02784  	0.00356  	-0.0017  	0.03941  	-0.0052  	-0.0069  	-0.0242  	0.03589  	-0.0073  	0.02253  	-0.2797  	
0.07000  	0.06514  	0.10525  	0.53752  	-0.0367  	0.41256  	0.11135  	-0.5450  	0.21023  	-0.0486  	0.29775  	0.29931  	-0.0135  	-0.4585  	-0.8303  	0.85629  	-0.0774  	0.22462  	-0.2737  	0.34072  	0.14551  	-0.2271  	-0.5024  	0.33228  	-0.2445  	-0.1507  	-0.3240  	-0.3141  	-0.2854  	-0.1630  	-0.2040  	0.27772  	0.26888  	-0.0632  	0.29713  	0.14773  	0.27472  	0.05504  	-0.2635  	0.18401  	-0.0166  	0.02664  	0.00964  	-0.0286  	-0.0840  	-0.0405  	0.03763  	-0.0082  	0.04134  	-0.0064  	-0.0012  	0.01739  	0.00122  	0.03115  	0.00529  	-0.0283  	0.02024  	0.00356  	-0.0351  	0.02830  	0.00728  	0.00243  	0.02821  	-0.0089  	-0.0069  	-0.0242  	0.03589  	-0.0073  	0.02253  	-0.2797  	
0.13452  	0.10006  	0.17217  	0.56249  	-0.0375  	0.48255  	0.10952  	-0.4861  	0.25407  	-0.0588  	0.30006  	0.35617  	0.00184  	-0.4053  	-0.8055  	0.91485  	-0.0652  	0.19219  	-0.2721  	0.32758  	0.19507  	-0.2101  	-0.4556  	0.35470  	-0.2643  	-0.1517  	-0.2913  	-0.3495  	-0.3333  	-0.1563  	-0.1971  	0.27512  	0.28272  	-0.0659  	0.30212  	0.11955  	0.30626  	0.06380  	-0.2540  	0.16332  	-0.0310  	0.02935  	0.01705  	-0.0315  	-0.0850  	-0.0422  	0.03433  	0.00414  	0.04695  	-0.0089  	-0.0002  	0.01887  	0.00120  	0.03202  	0.00217  	-0.0223  	0.01882  	0.00463  	-0.0343  	0.03380  	0.00835  	0.00325  	0.03150  	-0.0058  	-0.0069  	-0.0242  	0.03589  	-0.0073  	0.02253  	-0.2797  	
0.10003  	0.08793  	0.16265  	0.52876  	-0.0051  	0.45276  	0.12413  	-0.5211  	0.25117  	-0.0007  	0.27545  	0.39188  	0.01735  	-0.4225  	-0.8987  	0.91445  	-0.0743  	0.24222  	-0.2796  	0.41323  	0.10672  	-0.2382  	-0.5122  	0.29701  	-0.2467  	-0.1378  	-0.3722  	-0.2193  	-0.2270  	-0.1627  	-0.1834  	0.24512  	0.30374  	-0.0660  	0.23620  	0.15806  	0.22695  	0.03409  	-0.2171  	0.18142  	0.00689  	0.02182  	0.03649  	-0.0337  	-0.0831  	-0.0440  	0.03982  	0.01353  	0.04930  	-0.0067  	0.00379  	0.01560  	-0.0023  	0.02652  	0.00608  	-0.0263  	0.02318  	0.00143  	-0.0345  	0.03190  	0.00744  	-1.7407  	0.03483  	-0.0045  	-0.0069  	-0.0242  	0.03589  	-0.0073  	0.02253  	-0.2797  	
-0.0762  	0.03938  	0.05957  	0.37957  	-0.0335  	0.30505  	0.10362  	-0.6036  	0.20312  	0.08886  	0.28509  	0.34540  	0.02725  	-0.4757  	-1.0677  	0.86778  	-0.1020  	0.30231  	-0.2753  	0.48446  	-0.0541  	-0.2702  	-0.5810  	0.25328  	-0.2061  	-0.1453  	-0.4318  	-0.1109  	-0.1480  	-0.1636  	-0.1668  	0.19793  	0.30826  	-0.0638  	0.16100  	0.21833  	0.17808  	0.00168  	-0.1646  	0.23452  	0.04990  	0.02320  	0.03894  	-0.0332  	-0.0872  	-0.0431  	0.03583  	0.02694  	0.03922  	-0.0086  	0.01064  	0.01510  	-0.0068  	0.02621  	0.00208  	-0.0254  	0.02449  	0.00067  	-0.0335  	0.03112  	0.00815  	0.00251  	0.03436  	0.00330  	-0.0069  	-0.0242  	0.03589  	-0.0073  	0.02253  	-0.2797  	
-0.3755  	-0.1240  	-0.1687  	0.27963  	-0.0260  	0.13668  	0.13053  	-0.6968  	0.15777  	0.08260  	0.35169  	0.31477  	-0.0538  	-0.6398  	-1.1478  	0.74825  	-0.1032  	0.32805  	-0.2875  	0.51462  	-0.1034  	-0.2794  	-0.5992  	0.25992  	-0.2219  	-0.1081  	-0.4940  	-0.0394  	-0.0655  	-0.1680  	-0.1855  	0.21030  	0.27079  	-0.0480  	0.14279  	0.26606  	0.08678  	-0.0189  	-0.1751  	0.22006  	0.03010  	0.02994  	0.01180  	-0.0218  	-0.0679  	-0.0435  	0.03688  	-0.0035  	0.03952  	-0.0150  	0.00426  	0.01331  	0.00125  	0.02337  	0.00328  	-0.0406  	0.02899  	0.00655  	-0.0326  	0.02530  	0.00679  	-0.0007  	0.03428  	-0.0027  	-0.0069  	-0.0242  	0.03589  	-0.0073  	0.02253  	-0.2797  	
-0.4778  	-0.1245  	-0.1850  	0.20193  	-0.0631  	0.09522  	0.12257  	-0.7358  	0.13541  	0.11693  	0.35945  	0.25974  	-0.0931  	-0.7451  	-1.1494  	0.72530  	-0.0874  	0.32080  	-0.2800  	0.48015  	-0.1060  	-0.2614  	-0.5635  	0.24052  	-0.2103  	-0.1120  	-0.4738  	-0.0456  	-0.0511  	-0.1607  	-0.1948  	0.21592  	0.24183  	-0.0471  	0.12261  	0.28143  	0.09089  	-0.0036  	-0.1879  	0.21703  	0.04937  	0.02392  	0.00902  	-0.0306  	-0.0652  	-0.0457  	0.04366  	-0.0136  	0.03035  	-0.0125  	0.00589  	0.01642  	-0.0006  	0.02557  	0.00381  	-0.0430  	0.03159  	0.00841  	-0.0332  	0.03081  	0.00512  	-0.0063  	0.03527  	-0.0018  	-0.0069  	-0.0242  	0.03589  	-0.0073  	0.02253  	-0.2797  	
-0.4534  	-0.1005  	-0.1120  	0.18834  	-0.0908  	0.13758  	0.13199  	-0.7390  	0.14162  	0.13026  	0.27215  	0.24642  	-0.0456  	-0.7056  	-1.1665  	0.75270  	-0.0709  	0.30075  	-0.2849  	0.44266  	-0.1469  	-0.2305  	-0.5056  	0.22230  	-0.2124  	-0.1033  	-0.4639  	-0.0603  	-0.0278  	-0.1494  	-0.1743  	0.20821  	0.24522  	-0.0535  	0.07796  	0.27481  	0.05598  	-0.0171  	-0.1542  	0.23875  	0.07225  	0.02766  	0.02965  	-0.0169  	-0.0729  	-0.0461  	0.03906  	0.00064  	0.04064  	-0.0173  	0.00208  	0.01685  	-0.0018  	0.02536  	0.00176  	-0.0400  	0.02467  	0.00275  	-0.0275  	0.03040  	0.00952  	8.90225  	0.03268  	-0.0038  	-0.0069  	-0.0242  	0.03589  	-0.0073  	0.02253  	-0.2797  	
-0.3409  	-0.0626  	-0.0702  	0.29864  	-0.0738  	0.22848  	0.11537  	-0.7050  	0.16707  	0.08118  	0.16334  	0.29473  	-0.0388  	-0.7100  	-1.0749  	0.77216  	-0.0506  	0.32238  	-0.2771  	0.44970  	-0.1709  	-0.2177  	-0.5248  	0.18106  	-0.2046  	-0.0996  	-0.4763  	-0.0139  	-0.0059  	-0.1613  	-0.1727  	0.21660  	0.24864  	-0.0491  	0.04066  	0.26059  	0.04883  	-0.0212  	-0.1350  	0.24542  	0.06767  	0.01270  	0.03529  	-0.0189  	-0.0818  	-0.0488  	0.03862  	0.00609  	0.04341  	-0.0131  	0.00554  	0.01654  	-0.0029  	0.01963  	0.00381  	-0.0412  	0.02514  	0.00375  	-0.0284  	0.02976  	0.00812  	0.00384  	0.04281  	-0.0024  	-0.0069  	-0.0242  	0.03589  	-0.0073  	0.02253  	-0.2797  	
-0.3061  	-0.0497  	-0.0767  	0.35331  	-0.0395  	0.26624  	0.10832  	-0.7146  	0.15320  	0.08287  	0.16411  	0.31408  	-0.0316  	-0.7133  	-1.0686  	0.78119  	-0.0667  	0.32196  	-0.2760  	0.46198  	-0.1836  	-0.2142  	-0.5438  	0.17058  	-0.2066  	-0.0969  	-0.5091  	0.01841  	0.00306  	-0.1670  	-0.1689  	0.21303  	0.24973  	-0.0506  	0.04053  	0.27591  	0.03724  	-0.0221  	-0.1266  	0.24859  	0.08029  	0.00379  	0.04979  	-0.0160  	-0.0872  	-0.0505  	0.03739  	0.00591  	0.04037  	-0.0153  	0.00904  	0.01373  	-0.0013  	0.02099  	0.00592  	-0.0410  	0.02944  	0.00586  	-0.0307  	0.02959  	0.00769  	0.00342  	0.04052  	-0.0033  	-0.0069  	-0.0242  	0.03589  	-0.0073  	0.02253  	-0.2797  	
-0.1655  	-0.0328  	-0.0647  	0.53734  	0.07125  	0.35906  	0.09372  	-0.6840  	0.15070  	0.03338  	0.15424  	0.31365  	-0.0332  	-0.6926  	-1.0084  	0.86896  	-0.0935  	0.31851  	-0.2536  	0.50468  	-0.1453  	-0.2578  	-0.6113  	0.25521  	-0.1422  	-0.1309  	-0.4109  	0.00490  	-0.0387  	-0.1004  	-0.2219  	0.25368  	0.23755  	-0.0644  	0.15567  	0.31433  	0.04504  	-0.0095  	-0.1646  	0.25149  	0.01578  	0.02929  	0.01157  	-0.0189  	-0.0839  	-0.0445  	0.03244  	0.00202  	0.04647  	-0.0269  	0.02262  	0.01410  	0.00047  	0.02490  	0.00764  	-0.0345  	0.03952  	0.00680  	-0.0225  	0.03165  	-0.0018  	-0.0153  	0.03900  	-0.0053  	-0.0069  	-0.0242  	0.03589  	-0.0073  	0.02253  	-0.2797  	
-0.0319  	-0.0289  	-0.0390  	0.78760  	0.19052  	0.40465  	0.10423  	-0.6338  	0.12146  	-0.0180  	0.03183  	0.35590  	0.01558  	-0.5338  	-0.8235  	0.88111  	-0.1114  	0.29361  	-0.2757  	0.50742  	-0.1261  	-0.2169  	-0.6903  	0.32564  	-0.0711  	-0.1449  	-0.3579  	-0.0340  	0.01980  	-0.0812  	-0.2500  	0.23012  	0.22641  	-0.0486  	0.22667  	0.28419  	0.04854  	-0.0387  	-0.1541  	0.28557  	-0.0377  	0.06495  	-0.0027  	-0.0227  	-0.0676  	-0.0341  	0.02633  	0.00410  	0.04600  	-0.0219  	0.02985  	0.01304  	0.00436  	0.01594  	0.00412  	-0.0286  	0.04073  	0.00977  	-0.0239  	0.03494  	-0.0058  	-0.0206  	0.02678  	-0.0074  	-0.0069  	-0.0242  	0.03589  	-0.0073  	0.02253  	-0.2797  	
0.07460  	0.01984  	-0.0255  	0.89412  	0.28189  	0.43294  	0.14539  	-0.6294  	0.17038  	0.04106  	-0.0968  	0.29380  	0.05494  	-0.4232  	-0.6197  	0.76639  	-0.1236  	0.26295  	-0.2583  	0.46250  	-0.1435  	-0.1590  	-0.6829  	0.28030  	-0.0504  	-0.1686  	-0.3523  	-0.0352  	0.01326  	-0.0411  	-0.2472  	0.23983  	0.25263  	-0.0388  	0.26925  	0.25366  	0.04365  	-0.0561  	-0.1413  	0.29091  	-0.0586  	0.05837  	-0.0015  	-0.0154  	-0.0763  	-0.0488  	0.02907  	0.01645  	0.06019  	-0.0189  	0.03058  	0.01279  	0.00413  	0.02517  	0.00315  	-0.0232  	0.03377  	0.00272  	-0.0269  	0.03320  	-0.0017  	-0.0037  	0.02810  	-0.0102  	-0.0069  	-0.0242  	0.03589  	-0.0073  	0.02253  	-0.2797  	
0.13854  	0.04175  	0.02546  	0.90089  	0.23378  	0.51449  	0.13598  	-0.5502  	0.20077  	-0.0053  	-0.0964  	0.28074  	0.07624  	-0.3074  	-0.5684  	0.80150  	-0.1129  	0.23685  	-0.2741  	0.43144  	-0.0871  	-0.1221  	-0.6345  	0.27551  	-0.0567  	-0.1676  	-0.3159  	-0.0979  	0.01747  	-0.0225  	-0.2416  	0.24208  	0.26199  	-0.0269  	0.26835  	0.22250  	0.06436  	-0.0429  	-0.1418  	0.26401  	-0.0606  	0.04624  	0.01218  	-0.0150  	-0.0731  	-0.0414  	0.03192  	0.01471  	0.06486  	-0.0180  	0.02014  	0.01666  	0.00105  	0.03123  	0.01236  	-0.0243  	0.02244  	0.00079  	-0.0242  	0.03787  	0.00173  	-0.0065  	0.02786  	-0.0153  	-0.0069  	-0.0242  	0.03589  	-0.0073  	0.02253  	-0.2797  	
0.13270  	0.03904  	0.09621  	0.76758  	0.17258  	0.49963  	0.13498  	-0.5487  	0.21781  	-0.0188  	-0.0112  	0.28871  	0.08782  	-0.3872  	-0.7358  	0.84937  	-0.1251  	0.27633  	-0.2903  	0.41743  	-0.0496  	-0.1585  	-0.6093  	0.28909  	-0.1149  	-0.1697  	-0.3753  	-0.0997  	-0.0360  	-0.0770  	-0.2273  	0.22869  	0.26194  	-0.0512  	0.24672  	0.21508  	0.09533  	-0.0232  	-0.1770  	0.27815  	-0.0424  	0.03850  	0.01818  	-0.0217  	-0.0777  	-0.0465  	0.03018  	0.01142  	0.05335  	-0.0062  	0.03041  	0.01207  	0.00182  	0.02410  	0.00884  	-0.0261  	0.03200  	0.00264  	-0.0269  	0.03503  	-0.0016  	-0.0032  	0.03214  	-0.0087  	-0.0069  	-0.0242  	0.03589  	-0.0073  	0.02253  	-0.2797  	
-0.0046  	0.02185  	0.05614  	0.55228  	0.04850  	0.38280  	0.13851  	-0.6180  	0.15733  	0.01738  	0.16463  	0.31784  	-0.0182  	-0.5602  	-0.9148  	0.86964  	-0.1177  	0.34022  	-0.2859  	0.47558  	-0.0517  	-0.2137  	-0.6010  	0.28589  	-0.1747  	-0.1499  	-0.4196  	-0.0934  	-0.0743  	-0.1253  	-0.2125  	0.23306  	0.25767  	-0.0466  	0.21009  	0.25189  	0.12336  	-0.0091  	-0.1730  	0.25704  	0.00913  	0.03671  	0.00802  	-0.0172  	-0.0809  	-0.0453  	0.03671  	0.00717  	0.05022  	-0.0122  	0.02477  	0.01495  	-0.0003  	0.02149  	0.00297  	-0.0317  	0.03358  	0.00806  	-0.0289  	0.02834  	-0.0027  	-0.0142  	0.03562  	-0.0022  	-0.0069  	-0.0242  	0.03589  	-0.0073  	0.02253  	-0.2797  	
-0.2016  	-0.0494  	-0.0490  	0.41131  	-0.0099  	0.30283  	0.14509  	-0.7257  	0.14234  	0.03149  	0.22749  	0.25418  	-0.0571  	-0.6722  	-1.0830  	0.82493  	-0.0929  	0.32497  	-0.2853  	0.49630  	-0.1411  	-0.2533  	-0.5966  	0.23180  	-0.1272  	-0.1324  	-0.4359  	0.01247  	-0.0088  	-0.1177  	-0.2039  	0.23484  	0.22760  	-0.0533  	0.12683  	0.32308  	0.08329  	-0.0221  	-0.1692  	0.23350  	0.03436  	0.03619  	0.02123  	-0.0265  	-0.0723  	-0.0453  	0.03546  	-0.0048  	0.04049  	-0.0133  	0.01847  	0.01485  	0.00111  	0.02563  	0.00854  	-0.0336  	0.03421  	0.00619  	-0.0272  	0.02766  	0.00031  	-0.0054  	0.04001  	-0.0016  	-0.0069  	-0.0242  	0.03589  	-0.0073  	0.02253  	-0.2797  	
-0.2336  	-0.0443  	-0.0554  	0.51691  	0.05030  	0.35465  	0.10369  	-0.7243  	0.14515  	-0.0020  	0.12155  	0.27746  	-0.0532  	-0.6825  	-0.9711  	0.79238  	-0.0707  	0.30027  	-0.2633  	0.46239  	-0.1280  	-0.2269  	-0.5853  	0.25932  	-0.1230  	-0.1340  	-0.3839  	-0.0101  	-0.0426  	-0.0954  	-0.2176  	0.25029  	0.21038  	-0.0483  	0.14587  	0.30164  	0.09384  	-0.0090  	-0.1750  	0.23007  	0.01592  	0.03364  	0.01067  	-0.0251  	-0.0764  	-0.0535  	0.03565  	-0.0055  	0.04627  	-0.0210  	0.01916  	0.01340  	0.00384  	0.02514  	0.00643  	-0.0333  	0.03987  	0.00891  	-0.0275  	0.02897  	0.00110  	-0.0158  	0.03830  	-0.0010  	-0.0069  	-0.0242  	0.03589  	-0.0073  	0.02253  	-0.2797  	
-0.1810  	-0.0449  	-0.0481  	0.60723  	0.05590  	0.37187  	0.08196  	-0.6588  	0.15515  	-0.0442  	0.09142  	0.31031  	-0.0477  	-0.6260  	-0.8537  	0.77664  	-0.0758  	0.26336  	-0.2849  	0.42845  	-0.0841  	-0.1900  	-0.5421  	0.28723  	-0.1713  	-0.1221  	-0.3918  	-0.0761  	-0.0616  	-0.0991  	-0.2094  	0.23897  	0.23220  	-0.0571  	0.16435  	0.25239  	0.09878  	-0.0164  	-0.1847  	0.24077  	-0.0126  	0.03173  	0.00480  	-0.0215  	-0.0797  	-0.0490  	0.03635  	-0.0109  	0.04408  	-0.0156  	0.01207  	0.00937  	-0.0004  	0.02262  	0.00661  	-0.0346  	0.03865  	0.00351  	-0.0293  	0.03096  	9.40494  	-0.0086  	0.03078  	-0.0023  	-0.0069  	-0.0242  	0.03589  	-0.0073  	0.02253  	-0.2797  	
-0.0487  	0.02161  	0.01759  	0.58448  	0.06920  	0.38962  	0.13587  	-0.6406  	0.18036  	-0.0106  	0.10150  	0.32038  	0.01452  	-0.4946  	-0.8558  	0.80019  	-0.1080  	0.29997  	-0.2890  	0.44034  	-0.0301  	-0.2112  	-0.5736  	0.26888  	-0.1736  	-0.1421  	-0.3904  	-0.1223  	-0.0848  	-0.1239  	-0.2040  	0.23507  	0.26256  	-0.0525  	0.21699  	0.23361  	0.11634  	-0.0048  	-0.1774  	0.25877  	-0.0049  	0.04455  	0.00730  	-0.0192  	-0.0785  	-0.0483  	0.03631  	-0.0018  	0.04202  	-0.0158  	0.01314  	0.01653  	-0.0022  	0.02642  	0.00703  	-0.0261  	0.03040  	0.00308  	-0.0273  	0.02937  	0.00638  	0.00182  	0.03060  	-0.0080  	-0.0069  	-0.0242  	0.03589  	-0.0073  	0.02253  	-0.2797  	
-0.0427  	-0.0227  	0.02938  	0.51903  	0.05492  	0.37904  	0.12761  	-0.6801  	0.16603  	0.05352  	0.18026  	0.30508  	-0.0220  	-0.6084  	-1.0096  	0.88288  	-0.1201  	0.34146  	-0.2752  	0.49704  	-0.1044  	-0.2333  	-0.6303  	0.24746  	-0.1566  	-0.1499  	-0.4487  	-0.0214  	-0.0556  	-0.1326  	-0.2154  	0.23214  	0.25167  	-0.0550  	0.18851  	0.29162  	0.09667  	-0.0261  	-0.1746  	0.25379  	0.00654  	0.04026  	0.01778  	-0.0235  	-0.0691  	-0.0484  	0.03602  	0.00048  	0.04905  	-0.0095  	0.02471  	0.01197  	0.00222  	0.02166  	0.00845  	-0.0289  	0.03754  	0.00424  	-0.0304  	0.03149  	-0.0015  	-0.0091  	0.03051  	-0.0021  	-0.0069  	-0.0242  	0.03589  	-0.0073  	0.02253  	-0.2797  	
-0.0411  	-0.0015  	0.05705  	0.56228  	0.04287  	0.38876  	0.11208  	-0.6458  	0.16752  	0.03864  	0.18852  	0.32976  	-0.0394  	-0.5801  	-0.9885  	0.89781  	-0.1109  	0.30081  	-0.2599  	0.48302  	-0.0468  	-0.2358  	-0.6084  	0.27185  	-0.1700  	-0.1458  	-0.4002  	-0.0789  	-0.0994  	-0.1257  	-0.2269  	0.25065  	0.26219  	-0.0554  	0.20620  	0.27564  	0.12947  	-0.0101  	-0.1927  	0.24986  	0.00013  	0.03359  	0.01422  	-0.0165  	-0.0746  	-0.0488  	0.03506  	0.01280  	0.04291  	-0.0168  	0.01731  	0.01566  	-0.0021  	0.02403  	0.00516  	-0.0345  	0.03434  	0.00354  	-0.0300  	0.02798  	-0.0013  	-0.0135  	0.03573  	-0.0088  	-0.0069  	-0.0242  	0.03589  	-0.0073  	0.02253  	-0.2797  	
-0.0823  	-0.0025  	0.02933  	0.51558  	0.06671  	0.35817  	0.11816  	-0.6736  	0.18206  	0.05851  	0.17608  	0.34024  	-0.0226  	-0.6001  	-1.0586  	0.88699  	-0.1037  	0.34935  	-0.2596  	0.50512  	-0.1220  	-0.2491  	-0.6244  	0.23039  	-0.1468  	-0.1460  	-0.4496  	-0.0106  	-0.0303  	-0.1245  	-0.2273  	0.22869  	0.24833  	-0.0589  	0.15749  	0.29621  	0.07993  	-0.0156  	-0.1639  	0.25412  	0.03533  	0.02795  	0.02113  	-0.0230  	-0.0756  	-0.0457  	0.03618  	0.00981  	0.04699  	-0.0192  	0.01660  	0.01602  	-0.0005  	0.02276  	0.01012  	-0.0288  	0.03366  	0.00414  	-0.0312  	0.03087  	0.00466  	-0.0152  	0.03184  	-0.0059  	-0.0069  	-0.0242  	0.03589  	-0.0073  	0.02253  	-0.2797  	
-0.1616  	-0.0578  	-0.0276  	0.51842  	0.04476  	0.33890  	0.10974  	-0.6808  	0.15981  	0.01615  	0.21479  	0.31643  	-0.0356  	-0.6179  	-1.0059  	0.82258  	-0.0919  	0.31209  	-0.2638  	0.47530  	-0.0583  	-0.2509  	-0.5901  	0.27590  	-0.1322  	-0.1423  	-0.3900  	-0.0620  	-0.0927  	-0.1281  	-0.2069  	0.25588  	0.24396  	-0.0609  	0.18215  	0.26682  	0.12625  	0.00014  	-0.1829  	0.23003  	0.00728  	0.02393  	0.01988  	-0.0172  	-0.0745  	-0.0493  	0.03444  	0.00028  	0.04003  	-0.0165  	0.01731  	0.01635  	0.00096  	0.02625  	0.00711  	-0.0315  	0.03405  	0.00452  	-0.0301  	0.03056  	0.00205  	-0.0077  	0.03305  	-0.0026  	-0.0069  	-0.0242  	0.03589  	-0.0073  	0.02253  	-0.2797  	
-0.2601  	-0.0576  	-0.1091  	0.44065  	0.00813  	0.29178  	0.07296  	-0.6873  	0.14016  	-0.0178  	0.18555  	0.30121  	-0.0615  	-0.6529  	-0.9512  	0.76000  	-0.0742  	0.29328  	-0.2873  	0.45301  	-0.0527  	-0.2156  	-0.5405  	0.28521  	-0.1650  	-0.1300  	-0.3737  	-0.0894  	-0.0679  	-0.1348  	-0.2063  	0.23414  	0.23005  	-0.0589  	0.17795  	0.25265  	0.11162  	-0.0111  	-0.1769  	0.23325  	-0.0114  	0.04366  	-0.0022  	-0.0311  	-0.0657  	-0.0458  	0.04110  	-0.0146  	0.03849  	-0.0146  	0.01360  	0.01763  	-0.0001  	0.02438  	0.00671  	-0.0345  	0.03692  	0.00586  	-0.0240  	0.02833  	0.00163  	-0.0059  	0.03066  	-0.0032  	-0.0069  	-0.0242  	0.03589  	-0.0073  	0.02253  	-0.2797  	
-0.2115  	-0.0544  	-0.0292  	0.47002  	0.00519  	0.32721  	0.09695  	-0.6806  	0.15181  	0.00940  	0.15927  	0.30570  	-0.0304  	-0.6491  	-0.9623  	0.79251  	-0.0812  	0.30812  	-0.2866  	0.46493  	-0.1093  	-0.2344  	-0.5546  	0.24114  	-0.1893  	-0.1182  	-0.4294  	-0.0280  	-0.0477  	-0.1349  	-0.1987  	0.23396  	0.25107  	-0.0512  	0.13264  	0.25912  	0.09155  	-0.0131  	-0.1826  	0.24430  	0.01249  	0.02859  	0.01668  	-0.0263  	-0.0798  	-0.0480  	0.03926  	-0.0027  	0.04137  	-0.0166  	0.01300  	0.01644  	-0.0027  	0.02232  	0.00506  	-0.0320  	0.03388  	0.00183  	-0.0318  	0.02818  	0.00436  	-0.0068  	0.03193  	-0.0018  	-0.0069  	-0.0242  	0.03589  	-0.0073  	0.02253  	-0.2797  	
-0.1006  	-0.0233  	0.04260  	0.49189  	0.04077  	0.34466  	0.12701  	-0.6757  	0.18009  	0.09137  	0.18909  	0.33074  	-0.0226  	-0.6410  	-1.0076  	0.90062  	-0.1302  	0.33623  	-0.2790  	0.50150  	-0.1221  	-0.2365  	-0.6174  	0.20124  	-0.1929  	-0.1291  	-0.4729  	0.00930  	-0.0345  	-0.1332  	-0.1931  	0.23460  	0.25102  	-0.0412  	0.17002  	0.29007  	0.05943  	-0.0194  	-0.1627  	0.25595  	0.02024  	0.03289  	0.02492  	-0.0205  	-0.0826  	-0.0474  	0.03641  	0.00066  	0.03807  	-0.0219  	0.02592  	0.01466  	0.00256  	0.01453  	0.00958  	-0.0348  	0.03975  	0.00550  	-0.0268  	0.02767  	0.00069  	-0.0073  	0.03302  	0.00082  	-0.0069  	-0.0242  	0.03589  	-0.0073  	0.02253  	-0.2797  	
-0.0889  	-0.0318  	0.02037  	0.46139  	0.01443  	0.32963  	0.14153  	-0.6957  	0.16211  	0.06138  	0.17424  	0.26986  	-0.0262  	-0.6642  	-1.0051  	0.87385  	-0.1280  	0.35437  	-0.2817  	0.50356  	-0.1515  	-0.2418  	-0.6247  	0.18789  	-0.1532  	-0.1398  	-0.4659  	0.03629  	0.00269  	-0.1268  	-0.1966  	0.23826  	0.23817  	-0.0388  	0.15687  	0.32397  	0.04689  	-0.0213  	-0.1657  	0.26140  	0.02669  	0.03030  	0.02459  	-0.0183  	-0.0833  	-0.0443  	0.03758  	-0.0030  	0.03684  	-0.0206  	0.02527  	0.01526  	0.00166  	0.01775  	0.01181  	-0.0350  	0.03542  	0.00636  	-0.0252  	0.02960  	0.00292  	-0.0071  	0.03484  	-0.0012  	-0.0069  	-0.0242  	0.03589  	-0.0073  	0.02253  	-0.2797  	
-0.1582  	-0.0315  	-0.0237  	0.44512  	0.01868  	0.32275  	0.13924  	-0.7104  	0.14044  	0.00939  	0.14786  	0.23349  	-0.0608  	-0.6749  	-0.9749  	0.79334  	-0.1088  	0.30935  	-0.2803  	0.46625  	-0.1096  	-0.2453  	-0.5638  	0.21714  	-0.1457  	-0.1297  	-0.4002  	-0.0370  	-0.0379  	-0.1174  	-0.1966  	0.24216  	0.22185  	-0.0524  	0.16894  	0.31608  	0.10279  	-0.0076  	-0.1850  	0.24471  	0.02108  	0.03984  	0.01701  	-0.0146  	-0.0798  	-0.0436  	0.03652  	-0.0109  	0.03540  	-0.0210  	0.01828  	0.01425  	0.00472  	0.02260  	0.01311  	-0.0344  	0.03825  	0.00683  	-0.0279  	0.02767  	0.00118  	-0.0055  	0.04053  	-0.0005  	-0.0069  	-0.0242  	0.03589  	-0.0073  	0.02253  	-0.2797  	
-0.1482  	-0.0352  	-0.0345  	0.47275  	0.01394  	0.31949  	0.11617  	-0.6753  	0.14386  	-0.0277  	0.19622  	0.24151  	-0.0600  	-0.6587  	-0.9166  	0.76928  	-0.0979  	0.28967  	-0.2826  	0.44296  	-0.0577  	-0.2338  	-0.5360  	0.23394  	-0.1652  	-0.1273  	-0.4110  	-0.0879  	-0.0947  	-0.1304  	-0.2084  	0.24704  	0.23749  	-0.0621  	0.18951  	0.26198  	0.14605  	0.00521  	-0.2022  	0.21704  	0.02594  	0.04499  	0.01106  	-0.0269  	-0.0717  	-0.0439  	0.03829  	-0.0134  	0.03617  	-0.0136  	0.01177  	0.01425  	0.00373  	0.02524  	0.01052  	-0.0345  	0.03955  	0.00830  	-0.0288  	0.02773  	0.00060  	-0.0029  	0.04139  	-0.0012  	-0.0069  	-0.0242  	0.03589  	-0.0073  	0.02253  	-0.2797  	
-0.0892  	-0.0002  	0.00073  	0.51012  	0.00417  	0.33864  	0.10676  	-0.6348  	0.16466  	-0.0431  	0.22516  	0.28392  	-0.0458  	-0.5560  	-0.8191  	0.75684  	-0.0920  	0.25509  	-0.2878  	0.41364  	0.02177  	-0.2159  	-0.5237  	0.28315  	-0.1967  	-0.1404  	-0.3957  	-0.1667  	-0.1524  	-0.1422  	-0.1931  	0.24812  	0.26347  	-0.0598  	0.22223  	0.19279  	0.18858  	0.01774  	-0.2130  	0.20880  	0.02241  	0.03504  	0.00048  	-0.0262  	-0.0790  	-0.0397  	0.04272  	-0.0154  	0.03506  	-0.0104  	0.00604  	0.01791  	-0.0008  	0.02895  	0.00824  	-0.0362  	0.02981  	0.00430  	-0.0311  	0.02615  	0.00566  	-4.0736  	0.03558  	-0.0054  	-0.0069  	-0.0242  	0.03589  	-0.0073  	0.02253  	-0.2797  	
0.10182  	0.07402  	0.14986  	0.55569  	0.01211  	0.44646  	0.13592  	-0.5367  	0.22742  	0.01422  	0.22710  	0.34843  	0.02289  	-0.4405  	-0.9015  	0.91698  	-0.1021  	0.25854  	-0.2814  	0.41985  	0.07895  	-0.2354  	-0.5485  	0.29509  	-0.1948  	-0.1551  	-0.3653  	-0.2042  	-0.1888  	-0.1427  	-0.1963  	0.25067  	0.29720  	-0.0624  	0.24304  	0.18403  	0.19255  	0.02742  	-0.1987  	0.20309  	-0.0020  	0.02518  	0.03520  	-0.0310  	-0.0838  	-0.0445  	0.03433  	0.01065  	0.04856  	-0.0128  	0.01252  	0.01379  	-0.0005  	0.02638  	0.00664  	-0.0258  	0.02679  	4.54704  	-0.0349  	0.03067  	0.00713  	-0.0006  	0.04141  	-0.0038  	-0.0069  	-0.0242  	0.03589  	-0.0073  	0.02253  	-0.2797  	
-0.0230  	-0.0195  	0.05062  	0.49798  	0.00434  	0.39023  	0.13552  	-0.6522  	0.17601  	0.07161  	0.24203  	0.29025  	-0.0211  	-0.5877  	-1.0393  	0.92568  	-0.1019  	0.33893  	-0.2610  	0.52264  	-0.0795  	-0.2524  	-0.6380  	0.28888  	-0.1573  	-0.1466  	-0.4358  	-0.0208  	-0.1148  	-0.1586  	-0.2059  	0.23708  	0.25421  	-0.0549  	0.21074  	0.28501  	0.11024  	-0.0218  	-0.1984  	0.22966  	-0.0321  	0.03218  	0.00456  	-0.0202  	-0.0728  	-0.0493  	0.03251  	0.00680  	0.04623  	-0.0168  	0.03167  	0.01145  	-0.0033  	0.01929  	0.00150  	-0.0287  	0.03849  	0.00194  	-0.0297  	0.03159  	0.00261  	-0.0058  	0.03658  	-0.0025  	-0.0069  	-0.0242  	0.03589  	-0.0073  	0.02253  	-0.2797  	
0.02292  	0.03430  	0.01322  	0.68624  	0.13278  	0.36255  	0.10017  	-0.6757  	0.11931  	0.03286  	0.14741  	0.38897  	0.00256  	-0.4419  	-0.7466  	0.83478  	-0.0869  	0.25282  	-0.2651  	0.40502  	0.00565  	-0.1697  	-0.6256  	0.38732  	-0.1943  	-0.1375  	-0.2983  	-0.2169  	-0.2014  	-0.1230  	-0.2113  	0.26805  	0.23287  	-0.0602  	0.28220  	0.24023  	0.16949  	-0.0126  	-0.2285  	0.27311  	-0.0648  	0.05960  	-0.0189  	-0.0096  	-0.0843  	-0.0331  	0.02609  	-7.1266  	0.05228  	-0.0063  	0.02205  	0.01049  	-0.0035  	0.02333  	0.00214  	-0.0222  	0.02682  	0.00502  	-0.0260  	0.03241  	0.00272  	-0.0059  	0.01936  	-0.0155  	-0.0069  	-0.0242  	0.03589  	-0.0073  	0.02253  	-0.2797  	
0.16557  	0.05170  	0.10251  	0.80066  	0.16934  	0.49384  	0.14588  	-0.6390  	0.15621  	0.07423  	-0.0641  	0.26125  	0.11252  	-0.2915  	-0.5901  	0.74054  	-0.1150  	0.21911  	-0.3078  	0.36233  	-0.0553  	-0.1568  	-0.5736  	0.32550  	-0.1420  	-0.1584  	-0.3176  	-0.2397  	-0.1042  	-0.0824  	-0.2210  	0.23573  	0.24355  	-0.0552  	0.26544  	0.21954  	0.10909  	-0.0241  	-0.1523  	0.26711  	-0.0732  	0.06070  	-0.0020  	-0.0111  	-0.0755  	-0.0435  	0.02207  	0.01445  	0.05098  	-0.0157  	0.02298  	0.01956  	-0.0069  	0.01499  	0.00856  	-0.0225  	0.02077  	0.00340  	-0.0386  	0.02992  	0.00517  	0.00699  	0.03006  	-0.0062  	-0.0069  	-0.0242  	0.03589  	-0.0073  	0.02253  	-0.2797  	
0.27116  	0.08971  	0.19288  	0.75744  	0.14617  	0.52360  	0.20085  	-0.5622  	0.21958  	0.07047  	-0.1763  	0.21852  	0.17091  	-0.2065  	-0.5628  	0.72259  	-0.0900  	0.23665  	-0.2975  	0.29510  	-0.1141  	-0.0989  	-0.4957  	0.23133  	-0.0616  	-0.1687  	-0.3284  	-0.2034  	-0.0024  	-0.0578  	-0.1987  	0.22020  	0.25102  	-0.0398  	0.16567  	0.21921  	0.07705  	-0.0338  	-0.0997  	0.26281  	-0.0135  	0.04268  	0.03835  	0.00241  	-0.0874  	-0.0486  	0.01309  	0.04182  	0.07320  	-0.0226  	0.01812  	0.01567  	0.00650  	0.02327  	0.00960  	-0.0137  	0.02386  	-0.0025  	-0.0347  	0.03396  	0.00933  	0.00794  	0.02963  	-0.0117  	-0.0069  	-0.0242  	0.03589  	-0.0073  	0.02253  	-0.2797  	
0.08497  	0.07388  	0.13074  	0.62559  	0.08155  	0.37546  	0.20241  	-0.5825  	0.19805  	0.10911  	0.00775  	0.25339  	0.12220  	-0.2625  	-0.6977  	0.73335  	-0.0912  	0.20984  	-0.3102  	0.38839  	-0.0315  	-0.1075  	-0.6144  	0.33159  	-0.0252  	-0.1854  	-0.2545  	-0.2002  	-0.0800  	-0.0775  	-0.2033  	0.23995  	0.25408  	-0.0726  	0.23584  	0.22161  	0.15226  	-0.0355  	-0.1371  	0.30109  	-0.0561  	0.05654  	-2.4173  	-0.0082  	-0.0794  	-0.0474  	0.02524  	0.01798  	0.06751  	-0.0090  	0.03166  	0.01788  	-0.0023  	0.02133  	0.00288  	-0.0200  	0.02795  	-0.0014  	-0.0277  	0.04060  	0.00316  	0.00824  	0.03314  	-0.0095  	-0.0069  	-0.0242  	0.03589  	-0.0073  	0.02253  	-0.2797  	
-0.1633  	-0.0184  	-0.0848  	0.55334  	0.12794  	0.24300  	0.15406  	-0.6582  	0.18154  	0.02691  	0.25700  	0.36636  	0.01902  	-0.4486  	-0.8434  	0.76497  	-0.1293  	0.28155  	-0.2973  	0.50941  	0.01940  	-0.2116  	-0.5902  	0.34392  	-0.2201  	-0.1420  	-0.3977  	-0.1437  	-0.1666  	-0.1443  	-0.1986  	0.22565  	0.28429  	-0.0505  	0.27544  	0.20363  	0.15010  	-0.0210  	-0.2097  	0.25470  	-0.0192  	0.04214  	-0.0282  	-0.0227  	-0.0834  	-0.0377  	0.04610  	-0.0069  	0.04758  	-0.0090  	0.02381  	0.00914  	-0.0136  	0.02321  	0.00263  	-0.0288  	0.02792  	0.00321  	-0.0321  	0.02714  	0.00936  	-0.0047  	0.02737  	-0.0111  	-0.0069  	-0.0242  	0.03589  	-0.0073  	0.02253  	-0.2797  	
-0.3184  	-0.0479  	-0.0270  	0.28315  	-0.0312  	0.24066  	0.05677  	-0.6614  	0.11280  	0.01645  	0.28576  	0.25257  	-0.0447  	-0.7243  	-0.9601  	0.69122  	-0.0115  	0.16559  	-0.2078  	0.23464  	0.01368  	-0.3979  	-0.7289  	0.26410  	-0.2352  	-0.0566  	-0.4106  	-0.1942  	-0.0497  	-0.1563  	-0.1004  	0.18303  	0.17591  	-0.1906  	0.10619  	0.23301  	0.06496  	-0.0110  	-0.2931  	0.17317  	0.06118  	0.12883  	-0.0959  	0.04933  	-0.1169  	-0.0339  	0.02428  	-0.0111  	0.02524  	-0.0252  	0.01807  	0.01633  	-0.0070  	0.04011  	0.00841  	-0.0363  	0.03300  	-0.0067  	-0.0327  	0.04609  	0.00279  	-0.0107  	0.02206  	0.00075  	-0.0069  	-0.0242  	0.03589  	-0.0073  	0.02253  	-0.2797  	
-0.0896  	-0.0360  	0.09662  	0.52824  	0.02620  	0.32044  	0.07976  	-0.5950  	0.11942  	-0.0147  	0.18015  	0.30797  	0.00806  	-0.7514  	-0.9052  	0.81133  	0.04764  	0.10463  	-0.1527  	0.10217  	-0.0398  	-0.5776  	-0.9504  	0.27834  	-0.2481  	0.00414  	-0.4187  	-0.1625  	0.06666  	-0.1509  	-0.0378  	0.17445  	0.10560  	-0.2847  	0.05768  	0.24938  	-0.0230  	-0.0149  	-0.3471  	0.13760  	0.13307  	0.20498  	-0.1599  	0.09939  	-0.1612  	-0.0118  	0.00375  	0.03003  	0.02082  	-0.0360  	0.02661  	0.02057  	0.00076  	0.04391  	0.01327  	-0.0388  	0.02816  	-0.0146  	-0.0354  	0.04279  	0.00559  	-0.0150  	0.01435  	-0.0055  	-0.0069  	-0.0242  	0.03589  	-0.0073  	0.02253  	-0.2797  	
-0.0656  	-0.0115  	0.10978  	0.52364  	0.03424  	0.30417  	0.09641  	-0.5763  	0.14481  	0.05454  	0.18999  	0.36654  	0.06689  	-0.7507  	-0.9480  	0.78866  	0.01821  	0.07462  	-0.1593  	0.08604  	-0.0777  	-0.6188  	-1.0293  	0.17216  	-0.2714  	0.01711  	-0.4925  	-0.0820  	0.12777  	-0.1583  	-0.0275  	0.15536  	0.08853  	-0.3036  	0.02526  	0.27220  	-0.1017  	-0.0190  	-0.3146  	0.13563  	0.14628  	0.24597  	-0.1727  	0.10291  	-0.1821  	-0.0129  	-0.0005  	0.03924  	0.02003  	-0.0321  	0.03264  	0.02469  	0.00300  	0.04968  	0.01946  	-0.0382  	0.03120  	-0.0132  	-0.0261  	0.04094  	0.00807  	-0.0138  	0.00901  	-0.0029  	-0.0069  	-0.0242  	0.03589  	-0.0073  	0.02253  	-0.2797  	
-0.0711  	-0.0221  	0.05866  	0.49253  	0.03073  	0.32215  	0.12207  	-0.6086  	0.10365  	-0.0103  	0.22076  	0.28943  	0.03422  	-0.7150  	-0.9085  	0.72368  	0.01591  	0.09353  	-0.1908  	0.11132  	-0.0011  	-0.5761  	-0.9571  	0.21950  	-0.2756  	0.00211  	-0.4490  	-0.1488  	0.11590  	-0.1668  	-0.0377  	0.16914  	0.10003  	-0.2878  	0.07472  	0.28000  	-0.0521  	-0.0191  	-0.3265  	0.14960  	0.12517  	0.22923  	-0.1615  	0.08921  	-0.1615  	-0.0203  	0.00667  	0.02318  	0.02180  	-0.0342  	0.03453  	0.02159  	0.00795  	0.04234  	0.02103  	-0.0370  	0.03468  	-0.0068  	-0.0259  	0.03960  	0.00444  	-0.0149  	0.01381  	-0.0026  	-0.0069  	-0.0242  	0.03589  	-0.0073  	0.02253  	-0.2797  	
-0.0572  	-0.0232  	0.03052  	0.52465  	0.05363  	0.36683  	0.12404  	-0.6359  	0.11906  	-0.0076  	0.21686  	0.27370  	-0.0043  	-0.6590  	-0.8968  	0.76587  	-0.0341  	0.16825  	-0.2254  	0.26328  	0.02849  	-0.4102  	-0.7796  	0.25525  	-0.2171  	-0.0665  	-0.4250  	-0.1491  	-0.0187  	-0.1531  	-0.1249  	0.20993  	0.15761  	-0.1939  	0.15310  	0.27042  	0.06061  	-0.0079  	-0.2827  	0.18255  	0.05848  	0.14788  	-0.0932  	0.03746  	-0.1219  	-0.0330  	0.02226  	0.00863  	0.03245  	-0.0234  	0.02647  	0.01503  	0.00433  	0.03688  	0.01695  	-0.0333  	0.03789  	-0.0004  	-0.0288  	0.03960  	0.00083  	-0.0142  	0.02435  	-0.0029  	-0.0069  	-0.0242  	0.03589  	-0.0073  	0.02253  	-0.2797  	
-0.0714  	-0.0225  	0.01080  	0.49276  	0.05514  	0.38068  	0.14266  	-0.6775  	0.14920  	0.03986  	0.24627  	0.27502  	-0.0428  	-0.6118  	-0.9732  	0.83787  	-0.1140  	0.29671  	-0.2919  	0.50703  	-0.0261  	-0.2303  	-0.6138  	0.26706  	-0.1669  	-0.1596  	-0.4161  	-0.0575  	-0.0941  	-0.1343  	-0.2097  	0.25464  	0.23669  	-0.0540  	0.22447  	0.29796  	0.13605  	-0.0069  	-0.1970  	0.24601  	-0.0044  	0.04226  	-0.0036  	-0.0329  	-0.0677  	-0.0482  	0.04105  	-0.0124  	0.04444  	-0.0145  	0.02654  	0.01367  	0.00440  	0.02208  	0.01066  	-0.0314  	0.04090  	0.00850  	-0.0283  	0.03276  	-0.0024  	-0.0122  	0.03630  	-0.0046  	-0.0069  	-0.0242  	0.03589  	-0.0073  	0.02253  	-0.2797  	
-0.0686  	-0.0317  	0.01556  	0.47470  	0.04532  	0.37228  	0.14546  	-0.6824  	0.16145  	0.07206  	0.24690  	0.25885  	-0.0314  	-0.6080  	-1.0022  	0.84603  	-0.1340  	0.30200  	-0.2924  	0.50952  	-0.0624  	-0.2253  	-0.6377  	0.24581  	-0.1468  	-0.1546  	-0.4221  	-0.0375  	-0.0661  	-0.1229  	-0.1981  	0.25269  	0.23887  	-0.0476  	0.21376  	0.30586  	0.11666  	-0.0084  	-0.1871  	0.24447  	-4.1959  	0.04125  	0.00634  	-0.0287  	-0.0702  	-0.0461  	0.03979  	-0.0034  	0.04229  	-0.0136  	0.02593  	0.01610  	0.00148  	0.01998  	0.01145  	-0.0348  	0.04190  	0.01030  	-0.0306  	0.02913  	-0.0016  	-0.0156  	0.03806  	-0.0041  	-0.0069  	-0.0242  	0.03589  	-0.0073  	0.02253  	-0.2797  	
-0.0518  	-0.0346  	0.01757  	0.48809  	0.06203  	0.37228  	0.15304  	-0.6891  	0.16007  	0.09917  	0.21648  	0.27193  	-0.0376  	-0.6364  	-1.0328  	0.87703  	-0.1483  	0.31947  	-0.2929  	0.49952  	-0.1182  	-0.2267  	-0.6580  	0.21379  	-0.1294  	-0.1506  	-0.4320  	-0.0041  	-0.0090  	-0.1084  	-0.1986  	0.25191  	0.23449  	-0.0434  	0.18622  	0.32991  	0.08083  	-0.0097  	-0.1620  	0.25528  	0.00119  	0.04595  	0.02308  	-0.0201  	-0.0750  	-0.0446  	0.03660  	0.00402  	0.04317  	-0.0145  	0.02645  	0.01758  	5.20931  	0.01986  	0.01491  	-0.0360  	0.04060  	0.00913  	-0.0301  	0.02816  	-0.0023  	-0.0121  	0.03815  	-0.0048  	-0.0069  	-0.0242  	0.03589  	-0.0073  	0.02253  	-0.2797  	
-0.0570  	-0.0365  	0.01254  	0.44712  	0.03225  	0.36197  	0.15131  	-0.7089  	0.14669  	0.08383  	0.21155  	0.26683  	-0.0405  	-0.6550  	-1.0790  	0.87033  	-0.1403  	0.30795  	-0.2885  	0.48516  	-0.1247  	-0.2325  	-0.6257  	0.20880  	-0.1427  	-0.1486  	-0.4336  	-0.0183  	-0.0263  	-0.1187  	-0.1998  	0.24813  	0.23384  	-0.0483  	0.17436  	0.33996  	0.08940  	-0.0083  	-0.1637  	0.25471  	0.01501  	0.04844  	0.01987  	-0.0196  	-0.0769  	-0.0446  	0.03805  	0.00552  	0.04458  	-0.0119  	0.02342  	0.01687  	0.00309  	0.02179  	0.01159  	-0.0369  	0.03966  	0.00893  	-0.0291  	0.02788  	-0.0030  	-0.0104  	0.03704  	-0.0043  	-0.0069  	-0.0242  	0.03589  	-0.0073  	0.02253  	-0.2797  	
-0.0877  	-0.0326  	0.00036  	0.44205  	0.00789  	0.35361  	0.14573  	-0.7044  	0.12820  	0.05179  	0.23601  	0.26056  	-0.0547  	-0.6638  	-1.0475  	0.84919  	-0.1230  	0.30686  	-0.2941  	0.47582  	-0.0923  	-0.2367  	-0.5773  	0.22283  	-0.1754  	-0.1406  	-0.4475  	-0.0405  	-0.0348  	-0.1368  	-0.2051  	0.24879  	0.23309  	-0.0540  	0.17014  	0.32842  	0.10256  	0.00176  	-0.1782  	0.25285  	0.02487  	0.04622  	0.01656  	-0.0243  	-0.0793  	-0.0462  	0.03790  	-0.0019  	0.04378  	-0.0161  	0.02119  	0.01374  	0.00783  	0.02404  	0.01189  	-0.0376  	0.03894  	0.00522  	-0.0278  	0.03003  	0.00029  	-0.0088  	0.03752  	0.00069  	-0.0069  	-0.0242  	0.03589  	-0.0073  	0.02253  	-0.2797  	
-0.0754  	-0.0201  	-0.0001  	0.45143  	-0.0028  	0.36654  	0.12548  	-0.6921  	0.13376  	0.00967  	0.25038  	0.26483  	-0.0567  	-0.6480  	-0.9885  	0.80486  	-0.1106  	0.28496  	-0.2754  	0.44738  	-0.0282  	-0.2413  	-0.5399  	0.25470  	-0.1908  	-0.1393  	-0.4329  	-0.1004  	-0.0934  	-0.1400  	-0.2024  	0.25370  	0.23506  	-0.0608  	0.20056  	0.28255  	0.15157  	0.01359  	-0.2125  	0.23093  	0.02322  	0.04460  	0.01700  	-0.0278  	-0.0800  	-0.0441  	0.03870  	-0.0057  	0.04102  	-0.0197  	0.01377  	0.01546  	0.00655  	0.02659  	0.01052  	-0.0374  	0.03667  	0.00316  	-0.0300  	0.03144  	0.00227  	-0.0086  	0.03926  	-0.0015  	-0.0069  	-0.0242  	0.03589  	-0.0073  	0.02253  	-0.2797  	
-0.0509  	0.01684  	0.03512  	0.47611  	-0.0149  	0.37304  	0.11999  	-0.6425  	0.15861  	-0.0169  	0.27232  	0.27361  	-0.0582  	-0.5929  	-0.8985  	0.80388  	-0.0937  	0.26626  	-0.2687  	0.41441  	0.03236  	-0.2295  	-0.5265  	0.29605  	-0.1798  	-0.1467  	-0.3823  	-0.1765  	-0.1607  	-0.1439  	-0.1974  	0.26530  	0.25208  	-0.0613  	0.22591  	0.23555  	0.19643  	0.02919  	-0.2235  	0.21454  	0.01980  	0.03439  	0.00274  	-0.0330  	-0.0857  	-0.0404  	0.03699  	-0.0048  	0.03344  	-0.0174  	0.00320  	0.01909  	0.00061  	0.03024  	0.00877  	-0.0385  	0.03355  	0.00432  	-0.0322  	0.02935  	0.00759  	-0.0066  	0.03695  	-0.0048  	-0.0069  	-0.0242  	0.03589  	-0.0073  	0.02253  	-0.2797  	
0.06034  	0.07145  	0.10756  	0.54065  	-0.0247  	0.41362  	0.11018  	-0.5532  	0.20544  	-0.0406  	0.29786  	0.30841  	-0.0195  	-0.4721  	-0.8336  	0.85735  	-0.0765  	0.23015  	-0.2815  	0.36111  	0.13660  	-0.2240  	-0.5056  	0.32459  	-0.2310  	-0.1525  	-0.3355  	-0.2862  	-0.2666  	-0.1593  	-0.2033  	0.27038  	0.26754  	-0.0587  	0.28685  	0.15704  	0.26797  	0.05416  	-0.2525  	0.19023  	-0.0061  	0.02744  	0.01270  	-0.0303  	-0.0837  	-0.0405  	0.03709  	-0.0044  	0.03847  	-0.0071  	0.00246  	0.01800  	0.00215  	0.03037  	0.00465  	-0.0294  	0.02044  	0.00348  	-0.0325  	0.02913  	0.00788  	0.00091  	0.03103  	-0.0088  	-0.0069  	-0.0242  	0.03589  	-0.0073  	0.02253  	-0.2797  	
0.12982  	0.09771  	0.15163  	0.59912  	0.03322  	0.48086  	0.13811  	-0.5074  	0.22788  	-0.0225  	0.24760  	0.35815  	0.02006  	-0.3969  	-0.8332  	0.90380  	-0.0917  	0.22371  	-0.2784  	0.37102  	0.10869  	-0.2130  	-0.5070  	0.32665  	-0.2356  	-0.1458  	-0.3189  	-0.2790  	-0.2384  	-0.1498  	-0.2034  	0.26228  	0.29336  	-0.0663  	0.27835  	0.16553  	0.23495  	0.03439  	-0.2242  	0.19122  	-0.0231  	0.03000  	0.02016  	-0.0260  	-0.0831  	-0.0416  	0.03655  	0.00849  	0.05182  	-0.0074  	0.00779  	0.01658  	0.00163  	0.02953  	0.00736  	-0.0262  	0.02194  	0.00148  	-0.0317  	0.03107  	0.00786  	0.00290  	0.03820  	-0.0100  	-0.0069  	-0.0242  	0.03589  	-0.0073  	0.02253  	-0.2797  	
0.01187  	0.01908  	0.10134  	0.54925  	0.03847  	0.39095  	0.17049  	-0.6279  	0.21704  	0.04380  	0.18740  	0.30927  	0.02826  	-0.5011  	-0.9396  	0.88898  	-0.0893  	0.33844  	-0.2971  	0.46429  	-0.0759  	-0.2503  	-0.5978  	0.22966  	-0.2128  	-0.1260  	-0.4996  	-0.0312  	-0.0751  	-0.1411  	-0.2135  	0.23283  	0.28875  	-0.0551  	0.17603  	0.24018  	0.09190  	-0.0150  	-0.1559  	0.24278  	0.00783  	0.03910  	0.03455  	-0.0348  	-0.0842  	-0.0427  	0.03586  	0.01205  	0.04724  	-0.0197  	0.02125  	0.01707  	-0.0028  	0.02025  	0.00304  	-0.0314  	0.03116  	0.00397  	-0.0290  	0.02367  	0.00596  	-0.0092  	0.03421  	-0.0030  	-0.0069  	-0.0242  	0.03589  	-0.0073  	0.02253  	-0.2797  	
-0.0009  	0.00397  	0.03752  	0.61904  	0.08091  	0.38910  	0.12603  	-0.6737  	0.17806  	0.02595  	0.22341  	0.36136  	-0.0036  	-0.5067  	-0.8843  	0.87663  	-0.0986  	0.25709  	-0.2778  	0.46236  	-0.0299  	-0.2082  	-0.6568  	0.37632  	-0.1866  	-0.1412  	-0.3436  	-0.1383  	-0.1874  	-0.1363  	-0.2165  	0.27387  	0.24811  	-0.0521  	0.28852  	0.24916  	0.15658  	-0.0183  	-0.2168  	0.24850  	-0.0621  	0.06158  	-0.0176  	-0.0287  	-0.0791  	-0.0422  	0.02409  	-0.0007  	0.05112  	-0.0105  	0.02440  	0.01688  	-0.0013  	0.03001  	0.00389  	-0.0260  	0.03054  	-0.0024  	-0.0211  	0.03716  	0.00508  	-0.0007  	0.02570  	-0.0086  	-0.0069  	-0.0242  	0.03589  	-0.0073  	0.02253  	-0.2797  	
0.11251  	0.04486  	0.06592  	0.76965  	0.20124  	0.47861  	0.13875  	-0.6278  	0.15384  	0.02844  	-0.0633  	0.26380  	0.11789  	-0.3126  	-0.5665  	0.74972  	-0.1098  	0.22359  	-0.3009  	0.37383  	-0.0491  	-0.1594  	-0.5657  	0.35721  	-0.1613  	-0.1627  	-0.2939  	-0.2027  	-0.1117  	-0.0978  	-0.2239  	0.23745  	0.25007  	-0.0616  	0.26984  	0.20900  	0.12299  	-0.0362  	-0.1738  	0.27203  	-0.0830  	0.06665  	-0.0091  	-0.0228  	-0.0722  	-0.0490  	0.02881  	0.01194  	0.05356  	-0.0164  	0.01774  	0.01533  	-0.0070  	0.01909  	0.00429  	-0.0247  	0.02997  	-0.0041  	-0.0318  	0.02910  	0.00568  	0.00119  	0.02965  	-0.0064  	-0.0069  	-0.0242  	0.03589  	-0.0073  	0.02253  	-0.2797  	
0.26082  	0.07689  	0.17832  	0.75385  	0.13683  	0.51305  	0.17838  	-0.5797  	0.20992  	0.07924  	-0.1288  	0.22760  	0.15288  	-0.2179  	-0.5650  	0.72446  	-0.0771  	0.25020  	-0.2877  	0.33386  	-0.0971  	-0.1340  	-0.5106  	0.23351  	-0.0947  	-0.1697  	-0.3402  	-0.2053  	-0.0167  	-0.0769  	-0.2046  	0.22026  	0.25025  	-0.0387  	0.19349  	0.21638  	0.07181  	-0.0321  	-0.1006  	0.26023  	-0.0146  	0.03993  	0.03592  	-0.0057  	-0.0812  	-0.0492  	0.01512  	0.04190  	0.07184  	-0.0233  	0.01543  	0.01126  	0.00101  	0.02174  	0.01081  	-0.0149  	0.02582  	-0.0011  	-0.0357  	0.03246  	0.00817  	0.00392  	0.02769  	-0.0117  	-0.0069  	-0.0242  	0.03589  	-0.0073  	0.02253  	-0.2797  	
0.09807  	0.09157  	0.13327  	0.61750  	0.10374  	0.40763  	0.19902  	-0.5904  	0.20202  	0.13447  	-0.0262  	0.23009  	0.13994  	-0.2437  	-0.7081  	0.70568  	-0.0731  	0.19454  	-0.3072  	0.39146  	-0.0608  	-0.1013  	-0.6119  	0.30026  	-0.0078  	-0.1779  	-0.2660  	-0.2056  	-0.0717  	-0.0661  	-0.1976  	0.24300  	0.24331  	-0.0547  	0.22122  	0.23725  	0.11723  	-0.0346  	-0.1140  	0.30356  	-0.0479  	0.05708  	0.01507  	-0.0176  	-0.0800  	-0.0423  	0.02182  	0.02058  	0.06987  	-0.0112  	0.02156  	0.01642  	-0.0046  	0.02220  	0.00505  	-0.0198  	0.02630  	-0.0012  	-0.0300  	0.03983  	0.00186  	0.00655  	0.03516  	-0.0118  	-0.0069  	-0.0242  	0.03589  	-0.0073  	0.02253  	-0.2797  	
-0.1197  	-0.0223  	-0.0563  	0.66841  	0.18570  	0.29277  	0.20337  	-0.6279  	0.17474  	0.07043  	0.15750  	0.32088  	0.05706  	-0.3451  	-0.7328  	0.76729  	-0.1190  	0.24451  	-0.3122  	0.47186  	-0.0097  	-0.1778  	-0.6074  	0.37736  	-0.1903  	-0.1489  	-0.3590  	-0.1774  	-0.1409  	-0.1146  	-0.2242  	0.24749  	0.28347  	-0.0406  	0.30567  	0.21713  	0.12107  	-0.0287  	-0.2037  	0.29778  	-0.0594  	0.07380  	-0.0211  	-0.0244  	-0.0818  	-0.0464  	0.04278  	0.00077  	0.05096  	-0.0152  	0.02433  	0.01698  	-0.0154  	0.02832  	0.00252  	-0.0337  	0.02352  	-0.0023  	-0.0287  	0.02858  	0.00851  	-0.0009  	0.02433  	-0.0047  	-0.0069  	-0.0242  	0.03589  	-0.0073  	0.02253  	-0.2797  	
-0.3055  	-0.0364  	-0.0734  	0.31166  	0.02411  	0.26767  	0.09313  	-0.6676  	0.14182  	0.05453  	0.24502  	0.27748  	-0.0497  	-0.6246  	-0.9967  	0.76111  	-0.0849  	0.31687  	-0.2730  	0.47251  	-0.0292  	-0.2272  	-0.5523  	0.30614  	-0.2138  	-0.1353  	-0.4179  	-0.1060  	-0.1171  	-0.1478  	-0.1933  	0.22812  	0.25889  	-0.0528  	0.19367  	0.23039  	0.13899  	-0.0098  	-0.1988  	0.24360  	-0.0070  	0.02002  	-0.0101  	-0.0122  	-0.0764  	-0.0471  	0.04862  	-0.0227  	0.03993  	-0.0096  	0.01407  	0.01029  	-0.0084  	0.02263  	0.00840  	-0.0412  	0.03651  	0.00455  	-0.0343  	0.03098  	0.00041  	-0.0035  	0.03673  	-0.0040  	-0.0069  	-0.0242  	0.03589  	-0.0073  	0.02253  	-0.2797  	
-0.1001  	-0.0609  	0.02641  	0.50266  	0.01205  	0.37176  	0.10755  	-0.6813  	0.15235  	0.01808  	0.16752  	0.29325  	-0.0609  	-0.6693  	-0.9811  	0.88117  	-0.0815  	0.32631  	-0.2569  	0.47814  	-0.1175  	-0.2371  	-0.5746  	0.27023  	-0.1481  	-0.1394  	-0.4199  	-0.0507  	-0.0638  	-0.1208  	-0.2135  	0.24420  	0.23751  	-0.0486  	0.15827  	0.28620  	0.11641  	-0.0032  	-0.1872  	0.25286  	0.02075  	0.01517  	0.00724  	-0.0173  	-0.0816  	-0.0417  	0.04012  	-0.0003  	0.04069  	-0.0169  	0.01572  	0.01402  	-0.0020  	0.02073  	0.00523  	-0.0356  	0.03053  	0.00353  	-0.0351  	0.03291  	0.00033  	-0.0102  	0.03821  	-0.0048  	-0.0069  	-0.0242  	0.03589  	-0.0073  	0.02253  	-0.2797  	
-0.0719  	-0.0271  	0.04475  	0.48134  	0.01273  	0.35628  	0.14615  	-0.6792  	0.17820  	0.08006  	0.17452  	0.32872  	-0.0133  	-0.6520  	-1.0433  	0.87199  	-0.1317  	0.33287  	-0.2769  	0.49565  	-0.1507  	-0.2559  	-0.6091  	0.19466  	-0.1763  	-0.1391  	-0.4618  	0.03289  	-0.0346  	-0.1265  	-0.2108  	0.23805  	0.24248  	-0.0437  	0.15560  	0.31187  	0.06634  	-0.0129  	-0.1520  	0.25483  	0.01868  	0.03622  	0.01775  	-0.0231  	-0.0848  	-0.0494  	0.03701  	0.00810  	0.04514  	-0.0180  	0.02413  	0.01693  	0.00150  	0.02210  	0.00694  	-0.0351  	0.03738  	0.00644  	-0.0288  	0.02443  	-0.0025  	-0.0056  	0.03576  	-0.0036  	-0.0069  	-0.0242  	0.03589  	-0.0073  	0.02253  	-0.2797  	
-0.0768  	-0.0164  	0.04789  	0.49554  	0.03516  	0.35431  	0.12586  	-0.6414  	0.11993  	-0.0012  	0.21938  	0.27769  	-0.0021  	-0.6669  	-0.9151  	0.76887  	-0.0429  	0.18457  	-0.2377  	0.27649  	-0.0037  	-0.4182  	-0.7878  	0.24379  	-0.2358  	-0.0625  	-0.4394  	-0.1177  	0.01725  	-0.1567  	-0.1136  	0.20390  	0.16363  	-0.1855  	0.13801  	0.27373  	0.03419  	-0.0164  	-0.2717  	0.19261  	0.07191  	0.14675  	-0.0828  	0.03610  	-0.1230  	-0.0321  	0.02090  	0.00967  	0.03379  	-0.0272  	0.03151  	0.01850  	0.00615  	0.03157  	0.01557  	-0.0360  	0.03684  	0.00037  	-0.0268  	0.03583  	0.00010  	-0.0145  	0.02422  	-0.0011  	-0.0069  	-0.0242  	0.03589  	-0.0073  	0.02253  	-0.2797  	
-0.0577  	-0.0060  	0.07628  	0.52309  	0.02476  	0.34623  	0.09253  	-0.5689  	0.11234  	-0.0643  	0.22335  	0.27508  	0.02941  	-0.6720  	-0.7974  	0.71294  	0.03098  	0.04104  	-0.1780  	0.04148  	0.12064  	-0.5519  	-0.9169  	0.27389  	-0.2574  	0.00283  	-0.3847  	-0.2845  	-0.0154  	-0.1659  	-0.0401  	0.19567  	0.10889  	-0.3023  	0.13471  	0.21353  	0.04796  	0.00292  	-0.3733  	0.10924  	0.11007  	0.22678  	-0.1637  	0.08608  	-0.1647  	-0.0184  	0.00835  	0.02046  	0.02087  	-0.0371  	0.02236  	0.02378  	0.00084  	0.04907  	0.02064  	-0.0360  	0.03254  	-0.0082  	-0.0305  	0.04367  	0.00563  	-0.0181  	0.01412  	-0.0024  	-0.0069  	-0.0242  	0.03589  	-0.0073  	0.02253  	-0.2797  	
-0.0608  	0.00109  	0.06919  	0.51038  	0.05579  	0.32728  	0.08079  	-0.5773  	0.11430  	-0.0298  	0.26775  	0.30729  	0.04367  	-0.6772  	-0.8418  	0.73156  	0.02480  	0.02929  	-0.1726  	0.04828  	0.09493  	-0.6046  	-1.0041  	0.26779  	-0.2866  	0.00795  	-0.4170  	-0.2299  	0.01882  	-0.1702  	-0.0117  	0.17658  	0.09319  	-0.3170  	0.12802  	0.23190  	0.00156  	-0.0061  	-0.3925  	0.09290  	0.11366  	0.25596  	-0.1890  	0.08817  	-0.1667  	-0.0175  	0.00224  	0.01384  	0.02103  	-0.0369  	0.02973  	0.02159  	0.00524  	0.05004  	0.02021  	-0.0337  	0.03224  	-0.0108  	-0.0263  	0.04664  	0.00452  	-0.0121  	0.01177  	-0.0014  	-0.0069  	-0.0242  	0.03589  	-0.0073  	0.02253  	-0.2797  	
-0.0648  	-0.0056  	0.06958  	0.51966  	0.05831  	0.33085  	0.10160  	-0.5957  	0.13016  	0.03492  	0.26974  	0.29505  	0.04141  	-0.6913  	-0.9202  	0.76383  	0.00481  	0.07646  	-0.1907  	0.13140  	0.02585  	-0.5716  	-1.0071  	0.24777  	-0.2603  	-0.0074  	-0.4328  	-0.1582  	0.06187  	-0.1569  	-0.0339  	0.17593  	0.10380  	-0.2858  	0.11177  	0.26165  	-0.0238  	-0.0154  	-0.3521  	0.12341  	0.11259  	0.23013  	-0.1649  	0.08501  	-0.1546  	-0.0188  	0.00427  	0.01923  	0.02198  	-0.0328  	0.03370  	0.02110  	0.00415  	0.04384  	0.02147  	-0.0356  	0.03729  	-0.0087  	-0.0290  	0.04235  	0.00559  	-0.0172  	0.01593  	-0.0009  	-0.0069  	-0.0242  	0.03589  	-0.0073  	0.02253  	-0.2797  	
-0.0594  	-0.0218  	0.04481  	0.48971  	0.04396  	0.34147  	0.12070  	-0.6455  	0.14922  	0.07483  	0.22833  	0.29400  	0.00532  	-0.6916  	-0.9956  	0.82748  	-0.0665  	0.19033  	-0.2269  	0.28551  	-0.0741  	-0.4179  	-0.8591  	0.19995  	-0.1859  	-0.0710  	-0.4441  	-0.0622  	0.05937  	-0.1257  	-0.1022  	0.20527  	0.15704  	-0.1756  	0.12360  	0.31099  	0.00219  	-0.0162  	-0.2543  	0.18227  	0.06412  	0.14652  	-0.0731  	0.04430  	-0.1231  	-0.0283  	0.01761  	0.01741  	0.03048  	-0.0253  	0.03042  	0.02130  	0.00112  	0.03309  	0.01832  	-0.0360  	0.03782  	-0.0004  	-0.0279  	0.03497  	0.00217  	-0.0148  	0.02626  	-0.0029  	-0.0069  	-0.0242  	0.03589  	-0.0073  	0.02253  	-0.2797  	
-0.0658  	-0.0337  	0.01987  	0.45141  	0.02911  	0.35841  	0.14587  	-0.7029  	0.14417  	0.09227  	0.22015  	0.25992  	-0.0458  	-0.6509  	-1.0824  	0.87573  	-0.1380  	0.30290  	-0.2868  	0.47746  	-0.1079  	-0.2242  	-0.6342  	0.21560  	-0.1298  	-0.1533  	-0.4117  	-0.0274  	-0.0429  	-0.1144  	-0.2024  	0.25117  	0.22904  	-0.0504  	0.18144  	0.33680  	0.10234  	-0.0068  	-0.1686  	0.24713  	0.00525  	0.04500  	0.01389  	-0.0205  	-0.0783  	-0.0441  	0.03726  	0.00704  	0.04354  	-0.0126  	0.02486  	0.01718  	0.00239  	0.02218  	0.01123  	-0.0356  	0.04048  	0.00852  	-0.0294  	0.02813  	-0.0034  	-0.0103  	0.03686  	-0.0053  	-0.0069  	-0.0242  	0.03589  	-0.0073  	0.02253  	-0.2797  	
-0.0818  	-0.0377  	0.00793  	0.42056  	-0.0002  	0.34405  	0.14296  	-0.7220  	0.13485  	0.06947  	0.24139  	0.27102  	-0.0489  	-0.6625  	-1.0835  	0.86557  	-0.1256  	0.30344  	-0.2906  	0.48000  	-0.1082  	-0.2451  	-0.5933  	0.21363  	-0.1658  	-0.1480  	-0.4443  	-0.0328  	-0.0472  	-0.1312  	-0.2014  	0.24808  	0.23268  	-0.0533  	0.17430  	0.33368  	0.10867  	-0.0019  	-0.1793  	0.24894  	0.02231  	0.04610  	0.01671  	-0.0260  	-0.0763  	-0.0448  	0.03819  	0.00090  	0.04472  	-0.0141  	0.02144  	0.01502  	0.00526  	0.02456  	0.01028  	-0.0361  	0.03897  	0.00616  	-0.0273  	0.03034  	-0.0021  	-0.0086  	0.03777  	-0.0015  	-0.0069  	-0.0242  	0.03589  	-0.0073  	0.02253  	-0.2797  	
-0.0483  	-0.0037  	0.01535  	0.46477  	0.00747  	0.37458  	0.13256  	-0.6825  	0.13221  	0.02510  	0.26012  	0.25880  	-0.0595  	-0.6261  	-0.9743  	0.81460  	-0.1098  	0.27994  	-0.2824  	0.44675  	-0.0152  	-0.2343  	-0.5350  	0.26943  	-0.2004  	-0.1378  	-0.4306  	-0.1134  	-0.1044  	-0.1480  	-0.2062  	0.25613  	0.24141  	-0.0575  	0.21246  	0.27712  	0.15445  	0.00969  	-0.2090  	0.23842  	0.01861  	0.04477  	0.01316  	-0.0267  	-0.0805  	-0.0409  	0.03655  	-0.0026  	0.04291  	-0.0158  	0.01531  	0.01651  	0.00561  	0.02618  	0.00957  	-0.0370  	0.03611  	0.00432  	-0.0285  	0.03033  	0.00274  	-0.0071  	0.03935  	-0.0008  	-0.0069  	-0.0242  	0.03589  	-0.0073  	0.02253  	-0.2797  	
-0.0230  	0.03488  	0.05333  	0.49428  	-0.0119  	0.39296  	0.12866  	-0.6236  	0.16452  	-0.0157  	0.27609  	0.28123  	-0.0545  	-0.5728  	-0.8841  	0.82800  	-0.0975  	0.26063  	-0.2714  	0.40914  	0.05124  	-0.2249  	-0.5296  	0.30305  	-0.1920  	-0.1497  	-0.3716  	-0.2115  	-0.1788  	-0.1533  	-0.1956  	0.26726  	0.25201  	-0.0579  	0.23361  	0.23124  	0.20696  	0.03701  	-0.2183  	0.22675  	0.01427  	0.03763  	0.00383  	-0.0289  	-0.0865  	-0.0390  	0.03520  	0.00237  	0.03505  	-0.0118  	0.00262  	0.02137  	0.00251  	0.03312  	0.00954  	-0.0363  	0.03028  	0.00157  	-0.0299  	0.02947  	0.00841  	-0.0060  	0.03300  	-0.0046  	-0.0069  	-0.0242  	0.03589  	-0.0073  	0.02253  	-0.2797  	
0.08184  	0.07527  	0.12523  	0.54907  	-0.0245  	0.44292  	0.11698  	-0.5364  	0.22041  	-0.0371  	0.29792  	0.31193  	-0.0070  	-0.4535  	-0.8397  	0.86689  	-0.0755  	0.21494  	-0.2798  	0.35711  	0.14659  	-0.2300  	-0.5086  	0.33788  	-0.2359  	-0.1518  	-0.3122  	-0.3020  	-0.2822  	-0.1530  	-0.1975  	0.27529  	0.27225  	-0.0601  	0.29308  	0.15177  	0.27445  	0.05170  	-0.2551  	0.18441  	-0.0141  	0.02836  	0.01567  	-0.0289  	-0.0840  	-0.0425  	0.03828  	-0.0036  	0.04367  	-0.0114  	0.00018  	0.01678  	0.00158  	0.03113  	0.00484  	-0.0277  	0.02273  	0.00193  	-0.0354  	0.02912  	0.00863  	0.00142  	0.03316  	-0.0064  	-0.0069  	-0.0242  	0.03589  	-0.0073  	0.02253  	-0.2797  	
0.13599  	0.10534  	0.17216  	0.56105  	-0.0403  	0.48456  	0.11404  	-0.4851  	0.25442  	-0.0622  	0.29648  	0.36144  	0.00119  	-0.4017  	-0.7973  	0.91119  	-0.0695  	0.19102  	-0.2706  	0.32925  	0.19933  	-0.2026  	-0.4512  	0.35204  	-0.2627  	-0.1506  	-0.2897  	-0.3479  	-0.3296  	-0.1544  	-0.1960  	0.27485  	0.28353  	-0.0655  	0.30004  	0.12003  	0.30827  	0.06225  	-0.2542  	0.16529  	-0.0280  	0.02996  	0.01894  	-0.0302  	-0.0849  	-0.0426  	0.03496  	0.00544  	0.04789  	-0.0084  	-0.0009  	0.01827  	0.00073  	0.03219  	0.00228  	-0.0222  	0.01883  	0.00471  	-0.0347  	0.03365  	0.00814  	0.00377  	0.03134  	-0.0061  	-0.0069  	-0.0242  	0.03589  	-0.0073  	0.02253  	-0.2797  	
