0.13289  	0.07175  	0.14092  	0.71114  	0.10548  	0.49638  	0.13740  	-0.5195  	0.21742  	-0.0097  	0.13872  	0.35015  	0.06093  	-0.3199  	-0.7590  	0.89413  	-0.0893  	0.21666  	-0.2682  	0.38314  	0.06911  	-0.2019  	-0.5549  	0.31528  	-0.1546  	-0.1668  	-0.3078  	-0.2222  	-0.1668  	-0.1060  	-0.2363  	0.25485  	0.26576  	-0.0564  	0.26260  	0.17797  	0.18522  	0.01425  	-0.1995  	0.21644  	-0.0443  	0.04551  	0.01090  	-0.0181  	-0.0774  	-0.0413  	0.02959  	0.02055  	0.05086  	-0.0111  	0.01050  	0.01622  	-0.0018  	0.02684  	0.00548  	-0.0223  	0.02039  	0.00164  	-0.0350  	0.02923  	0.00812  	-0.0033  	0.02735  	-0.0092  	-0.0069  	-0.0242  	0.03589  	-0.0073  	0.02253  	-0.2797  	
0.06905  	0.05790  	0.02330  	0.83049  	0.22092  	0.41515  	0.15005  	-0.5729  	0.17605  	0.01686  	0.01599  	0.36550  	0.10461  	-0.2724  	-0.6671  	0.80811  	-0.1114  	0.23962  	-0.2983  	0.45843  	-0.0633  	-0.1998  	-0.6860  	0.27984  	-0.0714  	-0.1768  	-0.3361  	-0.1005  	-0.0326  	-0.0589  	-0.2552  	0.22267  	0.25949  	-0.0542  	0.24473  	0.24393  	0.09106  	-0.0398  	-0.1567  	0.25710  	-0.0509  	0.07238  	0.00125  	-0.0330  	-0.0715  	-0.0360  	0.03018  	0.02554  	0.05424  	-0.0215  	0.01954  	0.01466  	-0.0047  	0.02327  	0.00437  	-0.0215  	0.02972  	0.00182  	-0.0250  	0.03089  	0.00241  	0.00033  	0.02260  	-0.0145  	-0.0069  	-0.0242  	0.03589  	-0.0073  	0.02253  	-0.2797  	
0.04887  	0.07075  	-0.0929  	1.03988  	0.39742  	0.40320  	0.13813  	-0.5833  	0.18613  	-0.0449  	-0.0912  	0.36403  	0.11984  	-0.1552  	-0.5405  	0.76079  	-0.1205  	0.22252  	-0.3208  	0.45827  	-0.1445  	-0.1721  	-0.7599  	0.30833  	0.01186  	-0.1818  	-0.3155  	0.01054  	0.06827  	-0.0061  	-0.2887  	0.21564  	0.23478  	-0.0356  	0.29087  	0.26047  	0.01925  	-0.0691  	-0.1274  	0.31494  	-0.1173  	0.07975  	-0.0332  	-0.0435  	-0.0751  	-0.0436  	0.03052  	0.01211  	0.05638  	-0.0275  	0.02535  	0.00727  	-0.0048  	0.02271  	0.00377  	-0.0224  	0.04487  	0.00525  	-0.0211  	0.02884  	0.00212  	-0.0026  	0.02178  	-0.0128  	-0.0069  	-0.0242  	0.03589  	-0.0073  	0.02253  	-0.2797  	
0.05653  	0.06239  	-0.1362  	1.18858  	0.47715  	0.45068  	0.15051  	-0.5767  	0.18344  	-0.0899  	-0.1762  	0.35833  	0.14267  	-0.1244  	-0.4519  	0.72108  	-0.1304  	0.22430  	-0.3383  	0.49340  	-0.2313  	-0.1695  	-0.7817  	0.29734  	0.02845  	-0.1731  	-0.3416  	0.06896  	0.11936  	0.04083  	-0.3008  	0.20673  	0.24128  	-0.0284  	0.29976  	0.26437  	-0.0340  	-0.0755  	-0.0908  	0.32336  	-0.1363  	0.08154  	-0.0340  	-0.0488  	-0.0592  	-0.0456  	0.03070  	0.01310  	0.05325  	-0.0194  	0.02479  	0.00707  	0.00034  	0.01739  	0.00117  	-0.0210  	0.04751  	-0.0003  	-0.0250  	0.02933  	-0.0031  	-0.0057  	0.01870  	-0.0124  	-0.0069  	-0.0242  	0.03589  	-0.0073  	0.02253  	-0.2797  	
0.12409  	0.07452  	-0.0829  	1.24651  	0.51221  	0.50107  	0.14904  	-0.6169  	0.20356  	-0.0745  	-0.2806  	0.37992  	0.18737  	-0.1089  	-0.3640  	0.68690  	-0.1420  	0.20756  	-0.3488  	0.49462  	-0.2722  	-0.1596  	-0.7481  	0.28380  	-0.0164  	-0.1631  	-0.4383  	0.11921  	0.15935  	0.04461  	-0.2973  	0.19686  	0.28060  	-0.0190  	0.24414  	0.23575  	-0.0535  	-0.0840  	-0.0701  	0.32353  	-0.1008  	0.07316  	-0.0210  	-0.0281  	-0.0676  	-0.0437  	0.03769  	0.01041  	0.06271  	-0.0158  	0.00962  	0.00396  	-0.0040  	0.01700  	0.00840  	-0.0286  	0.04373  	-0.0070  	-0.0367  	0.04071  	-0.0026  	-0.0150  	0.01542  	-0.0104  	-0.0069  	-0.0242  	0.03589  	-0.0073  	0.02253  	-0.2797  	
0.09929  	0.03492  	-0.0340  	1.15483  	0.38085  	0.42280  	0.10398  	-0.6380  	0.16435  	-0.0466  	-0.2283  	0.32967  	0.13113  	-0.2418  	-0.4310  	0.68423  	-0.1031  	0.25284  	-0.3203  	0.46924  	-0.1991  	-0.1573  	-0.6363  	0.25093  	-0.0409  	-0.1568  	-0.4346  	0.01347  	0.10625  	-0.0003  	-0.2633  	0.20787  	0.24956  	-0.0231  	0.19535  	0.20292  	-0.0098  	-0.0734  	-0.0871  	0.28578  	-0.0743  	0.06472  	-0.0044  	-0.0196  	-0.0665  	-0.0429  	0.03884  	0.01709  	0.05815  	-0.0169  	0.01469  	0.01359  	-0.0026  	0.01878  	0.00684  	-0.0300  	0.03787  	-0.0013  	-0.0311  	0.03558  	0.00168  	-0.0134  	0.02024  	-0.0106  	-0.0069  	-0.0242  	0.03589  	-0.0073  	0.02253  	-0.2797  	
-0.0019  	0.01339  	0.04647  	0.83176  	0.22030  	0.44070  	0.09913  	-0.6274  	0.15370  	-0.0049  	-0.0609  	0.38602  	0.07397  	-0.4748  	-0.7509  	0.82177  	-0.1206  	0.28176  	-0.2787  	0.52275  	-0.0462  	-0.1759  	-0.6098  	0.24283  	-0.1311  	-0.1606  	-0.3475  	-0.0253  	-0.0382  	-0.0777  	-0.2255  	0.22939  	0.25562  	-0.0317  	0.16032  	0.21246  	0.09168  	-0.0390  	-0.1551  	0.25265  	-0.0150  	0.04130  	-0.0023  	-0.0124  	-0.0717  	-0.0432  	0.03025  	0.01841  	0.05950  	-0.0179  	0.01082  	0.00643  	0.00036  	0.01977  	0.00291  	-0.0212  	0.03181  	-0.0028  	-0.0278  	0.02878  	0.00702  	-0.0010  	0.01951  	-0.0132  	-0.0069  	-0.0242  	0.03589  	-0.0073  	0.02253  	-0.2797  	
-0.0336  	-0.0600  	0.09128  	0.55066  	0.07116  	0.43163  	0.14781  	-0.6424  	0.19120  	0.00562  	0.17377  	0.32120  	-0.0288  	-0.6060  	-0.9576  	0.92985  	-0.0799  	0.27682  	-0.2459  	0.44649  	-0.0462  	-0.2218  	-0.5858  	0.30982  	-0.1237  	-0.1450  	-0.3266  	-0.1439  	-0.1317  	-0.0981  	-0.2148  	0.27732  	0.23401  	-0.0518  	0.23196  	0.24649  	0.17439  	0.01245  	-0.1996  	0.25481  	-0.0150  	0.03252  	0.00863  	-0.0070  	-0.0850  	-0.0477  	0.02784  	0.00738  	0.04240  	-0.0185  	0.02011  	0.01468  	-0.0022  	0.03174  	0.01332  	-0.0241  	0.03437  	0.00141  	-0.0253  	0.03447  	0.00220  	-0.0102  	0.03305  	-0.0050  	-0.0069  	-0.0242  	0.03589  	-0.0073  	0.02253  	-0.2797  	
-0.2303  	-0.0712  	-0.0324  	0.44499  	0.01076  	0.34194  	0.13308  	-0.6928  	0.16120  	0.03425  	0.18373  	0.30265  	-0.0494  	-0.6678  	-1.0400  	0.83680  	-0.1078  	0.29435  	-0.2562  	0.45237  	-0.0824  	-0.2215  	-0.5457  	0.27690  	-0.1120  	-0.1384  	-0.3677  	-0.1134  	-0.0504  	-0.1185  	-0.1962  	0.23880  	0.24189  	-0.0546  	0.15899  	0.28546  	0.10640  	-0.0051  	-0.1828  	0.25919  	0.00575  	0.02783  	0.01457  	-0.0096  	-0.0764  	-0.0483  	0.04084  	-0.0111  	0.03695  	-0.0181  	0.01490  	0.01527  	-0.0003  	0.02650  	0.00648  	-0.0386  	0.03699  	0.00724  	-0.0255  	0.02522  	0.00194  	-0.0047  	0.03191  	-0.0034  	-0.0069  	-0.0242  	0.03589  	-0.0073  	0.02253  	-0.2797  	
-0.3299  	-0.0555  	-0.0699  	0.37700  	-0.0193  	0.23510  	0.08206  	-0.6896  	0.14446  	0.04377  	0.16867  	0.30327  	-0.0261  	-0.6552  	-1.0949  	0.77985  	-0.0848  	0.35072  	-0.2750  	0.51056  	-0.1845  	-0.2453  	-0.5379  	0.22264  	-0.1870  	-0.1058  	-0.4929  	0.04459  	0.01161  	-0.1281  	-0.1721  	0.21765  	0.25310  	-0.0541  	0.08361  	0.29008  	0.02218  	-0.0296  	-0.1477  	0.26091  	0.03491  	0.01203  	0.00661  	-0.0154  	-0.0787  	-0.0451  	0.04120  	0.00586  	0.02905  	-0.0173  	0.01713  	0.01691  	0.00113  	0.01876  	0.00169  	-0.0363  	0.03627  	0.00365  	-0.0252  	0.03307  	0.00953  	-0.0015  	0.02312  	-0.0090  	-0.0069  	-0.0242  	0.03589  	-0.0073  	0.02253  	-0.2797  	
-0.4072  	-0.1050  	-0.1495  	0.28947  	-0.0331  	0.07770  	0.13527  	-0.7217  	0.11368  	0.14664  	0.26079  	0.30105  	-0.0166  	-0.5945  	-1.1090  	0.68519  	-0.1384  	0.33405  	-0.3259  	0.53831  	-0.2183  	-0.2511  	-0.5805  	0.19591  	-0.1534  	-0.1315  	-0.4922  	0.02192  	0.01653  	-0.1274  	-0.1653  	0.19231  	0.26841  	-0.0535  	0.10582  	0.29351  	0.01623  	-0.0464  	-0.1274  	0.25833  	0.01644  	0.03877  	0.00949  	-0.0162  	-0.0694  	-0.0509  	0.03760  	0.00793  	0.03579  	-0.0152  	0.01014  	0.01717  	-0.0051  	0.02039  	0.00505  	-0.0404  	0.03374  	0.00361  	-0.0344  	0.02526  	0.00408  	0.00607  	0.03568  	-0.0002  	-0.0069  	-0.0242  	0.03589  	-0.0073  	0.02253  	-0.2797  	
-0.4640  	-0.1160  	-0.2134  	0.39488  	0.03969  	0.05611  	0.10169  	-0.7003  	0.14536  	0.10166  	0.34806  	0.37531  	-0.0102  	-0.5929  	-1.0652  	0.74220  	-0.0964  	0.33872  	-0.2980  	0.53430  	-0.0944  	-0.2688  	-0.5862  	0.24902  	-0.2217  	-0.1182  	-0.4847  	-0.0154  	-0.0494  	-0.1436  	-0.1783  	0.20154  	0.27007  	-0.0429  	0.16317  	0.26895  	0.06261  	-0.0255  	-0.1579  	0.23663  	-0.0021  	0.04687  	-0.0110  	-0.0551  	-0.0721  	-0.0461  	0.04532  	-0.0131  	0.03352  	-0.0111  	0.00748  	0.01412  	-0.0034  	0.02758  	0.00488  	-0.0336  	0.03068  	0.00472  	-0.0265  	0.03172  	0.00372  	0.00320  	0.02578  	-0.0055  	-0.0069  	-0.0242  	0.03589  	-0.0073  	0.02253  	-0.2797  	
-0.4382  	-0.0918  	-0.1550  	0.21247  	-0.0786  	0.10937  	0.10607  	-0.6691  	0.13025  	0.11444  	0.34090  	0.27614  	-0.0621  	-0.6757  	-1.1086  	0.70149  	-0.0787  	0.31049  	-0.2715  	0.49738  	-0.0825  	-0.2534  	-0.5669  	0.23752  	-0.1838  	-0.1253  	-0.4678  	-0.0610  	-0.0663  	-0.1631  	-0.1808  	0.21346  	0.24557  	-0.0551  	0.11664  	0.27212  	0.08926  	-0.0115  	-0.1437  	0.21071  	0.03189  	0.03037  	-0.0017  	-0.0381  	-0.0667  	-0.0445  	0.04140  	-0.0086  	0.03234  	-0.0092  	0.00191  	0.01674  	0.00118  	0.02594  	0.00685  	-0.0385  	0.03248  	0.00499  	-0.0310  	0.02895  	0.00491  	-0.0017  	0.02970  	-0.0031  	-0.0069  	-0.0242  	0.03589  	-0.0073  	0.02253  	-0.2797  	
-0.4107  	-0.0998  	-0.1171  	0.18699  	-0.1117  	0.19162  	0.13008  	-0.7217  	0.14630  	0.10654  	0.23550  	0.23932  	-0.0332  	-0.7337  	-1.1443  	0.72752  	-0.0642  	0.31589  	-0.2721  	0.47473  	-0.1644  	-0.2284  	-0.5079  	0.19973  	-0.1816  	-0.1094  	-0.4853  	-0.0249  	-0.0023  	-0.1386  	-0.1709  	0.20238  	0.24631  	-0.0528  	0.04530  	0.27778  	0.04387  	-0.0196  	-0.1337  	0.25403  	0.06251  	0.01924  	0.03934  	-0.0147  	-0.0727  	-0.0470  	0.04101  	0.00027  	0.03927  	-0.0129  	-0.0004  	0.01687  	-0.0053  	0.02780  	0.00421  	-0.0416  	0.02937  	0.00444  	-0.0340  	0.02899  	0.00684  	-0.0024  	0.03424  	-0.0076  	-0.0069  	-0.0242  	0.03589  	-0.0073  	0.02253  	-0.2797  	
-0.2970  	-0.0658  	-0.0916  	0.32034  	-0.0364  	0.26737  	0.11761  	-0.6883  	0.14730  	0.08068  	0.18989  	0.32709  	-0.0205  	-0.6969  	-1.0527  	0.79770  	-0.0663  	0.35268  	-0.2640  	0.50488  	-0.1632  	-0.2397  	-0.5593  	0.19508  	-0.1697  	-0.1174  	-0.5032  	0.03415  	-0.0203  	-0.1408  	-0.1715  	0.20416  	0.23822  	-0.0538  	0.05408  	0.27582  	0.02412  	-0.0413  	-0.1147  	0.25219  	0.04974  	0.01174  	0.03016  	-0.0249  	-0.0815  	-0.0466  	0.04382  	0.01720  	0.04160  	-0.0116  	0.01306  	0.01614  	-0.0055  	0.02359  	0.00507  	-0.0385  	0.03057  	0.00033  	-0.0280  	0.03082  	0.00363  	-0.0041  	0.03487  	-0.0044  	-0.0069  	-0.0242  	0.03589  	-0.0073  	0.02253  	-0.2797  	
-0.0962  	-0.0032  	-1.8318  	0.70361  	0.17147  	0.36364  	0.08997  	-0.6127  	0.15821  	-0.0297  	0.11420  	0.46103  	0.01520  	-0.4618  	-0.8044  	0.86673  	-0.0934  	0.30759  	-0.2808  	0.49051  	-0.0564  	-0.2452  	-0.6128  	0.33591  	-0.3018  	-0.1128  	-0.4810  	-0.0587  	-0.1075  	-0.1459  	-0.1843  	0.22593  	0.28177  	-0.0519  	0.18864  	0.21294  	0.08929  	-0.0302  	-0.1702  	0.24984  	-0.0158  	0.03900  	0.01573  	-0.0327  	-0.0798  	-0.0409  	0.04282  	0.01202  	0.05019  	-0.0105  	0.01388  	0.00978  	-0.0021  	0.01684  	0.00445  	-0.0336  	0.03403  	-0.0005  	-0.0327  	0.02175  	0.00214  	0.00342  	0.02676  	-0.0034  	-0.0069  	-0.0242  	0.03589  	-0.0073  	0.02253  	-0.2797  	
0.12355  	0.06450  	0.18193  	0.64321  	0.10525  	0.49821  	0.13085  	-0.5616  	0.19799  	-0.0286  	0.07567  	0.39589  	0.04405  	-0.3725  	-0.7025  	0.88597  	-0.0646  	0.25586  	-0.2533  	0.45773  	0.01726  	-0.2202  	-0.5476  	0.28991  	-0.2657  	-0.1301  	-0.3857  	-0.1726  	-0.1742  	-0.1496  	-0.2047  	0.25107  	0.29158  	-0.0528  	0.24861  	0.19527  	0.17678  	0.01194  	-0.1839  	0.22010  	-0.0187  	0.04135  	0.01818  	0.00154  	-0.0726  	-0.0479  	0.03318  	0.01896  	0.05667  	-0.0208  	0.00930  	0.01109  	-0.0008  	0.02444  	0.00722  	-0.0200  	0.02483  	-0.0043  	-0.0371  	0.03558  	0.00577  	0.00575  	0.02658  	-0.0056  	-0.0069  	-0.0242  	0.03589  	-0.0073  	0.02253  	-0.2797  	
0.21571  	0.06200  	0.24404  	0.57240  	0.01852  	0.47545  	0.19751  	-0.5101  	0.23591  	0.00898  	0.25165  	0.37246  	-0.0008  	-0.3952  	-0.8798  	0.97912  	-0.0988  	0.22891  	-0.2629  	0.42733  	0.13624  	-0.2223  	-0.5620  	0.29361  	-0.1843  	-0.1562  	-0.3300  	-0.2428  	-0.1924  	-0.1520  	-0.2231  	0.26639  	0.28434  	-0.0600  	0.24115  	0.18094  	0.24479  	0.04374  	-0.1937  	0.19336  	-0.0155  	0.04030  	0.04839  	-0.0123  	-0.0744  	-0.0469  	0.02836  	0.02895  	0.06631  	-0.0112  	0.01151  	0.01368  	0.00287  	0.03068  	0.00906  	-0.0193  	0.02147  	0.00516  	-0.0312  	0.03337  	0.00057  	-0.0052  	0.03495  	-0.0074  	-0.0069  	-0.0242  	0.03589  	-0.0073  	0.02253  	-0.2797  	
0.10515  	0.02609  	0.21852  	0.64956  	0.08525  	0.47616  	0.11878  	-0.6003  	0.20332  	0.02284  	0.12727  	0.32075  	0.00664  	-0.4555  	-0.9565  	0.99032  	-0.0992  	0.24544  	-0.2746  	0.44117  	0.04148  	-0.2180  	-0.6052  	0.30940  	-0.1047  	-0.1824  	-0.3232  	-0.1644  	-0.1593  	-0.0875  	-0.2300  	0.25769  	0.25495  	-0.0627  	0.23735  	0.21068  	0.20922  	0.00837  	-0.1971  	0.22865  	-0.0229  	0.02039  	0.02706  	-0.0183  	-0.0827  	-0.0478  	0.02961  	0.02222  	0.06456  	-0.0160  	0.01631  	0.00828  	0.00195  	0.02271  	0.00375  	-0.0233  	0.02908  	0.00449  	-0.0280  	0.03710  	0.00034  	-0.0127  	0.04084  	-0.0066  	-0.0069  	-0.0242  	0.03589  	-0.0073  	0.02253  	-0.2797  	
-0.1047  	-0.0063  	-0.0492  	0.72756  	0.16179  	0.42810  	0.13977  	-0.6477  	0.13917  	0.00705  	0.05020  	0.36780  	0.00496  	-0.4817  	-0.8879  	0.80737  	-0.1070  	0.30224  	-0.2886  	0.46898  	-0.1243  	-0.2154  	-0.6036  	0.28070  	-0.1172  	-0.1639  	-0.3566  	-0.0322  	-0.0155  	-0.0705  	-0.2311  	0.23974  	0.25544  	-0.0531  	0.17187  	0.26431  	0.05676  	-0.0209  	-0.1529  	0.25695  	-0.0433  	0.02778  	0.01742  	-0.0111  	-0.0736  	-0.0451  	0.03473  	0.00277  	0.05809  	-0.0254  	0.02144  	0.00923  	-0.0011  	0.02930  	0.00469  	-0.0295  	0.03243  	-0.0010  	-0.0268  	0.03101  	0.00016  	-0.0061  	0.02829  	-0.0062  	-0.0069  	-0.0242  	0.03589  	-0.0073  	0.02253  	-0.2797  	
-0.0862  	0.00460  	-0.0182  	0.71840  	0.13069  	0.46899  	0.09789  	-0.6240  	0.15341  	-0.0621  	0.03537  	0.36708  	-0.0111  	-0.5099  	-0.7630  	0.79874  	-0.0733  	0.26496  	-0.2604  	0.41817  	-0.0512  	-0.1808  	-0.5422  	0.29534  	-0.1536  	-0.1462  	-0.3613  	-0.1140  	-0.0704  	-0.1029  	-0.2316  	0.23394  	0.25335  	-0.0496  	0.18519  	0.21568  	0.13150  	0.00145  	-0.1676  	0.23953  	-0.0350  	0.02603  	0.00785  	-0.0063  	-0.0786  	-0.0412  	0.03709  	0.00338  	0.05432  	-0.0100  	0.01381  	0.01339  	-0.0021  	0.02507  	0.00765  	-0.0277  	0.02844  	0.00264  	-0.0254  	0.03243  	0.00550  	-0.0095  	0.02103  	-0.0088  	-0.0069  	-0.0242  	0.03589  	-0.0073  	0.02253  	-0.2797  	
-0.0414  	-0.0115  	0.00570  	0.66300  	0.08818  	0.42768  	0.11188  	-0.6691  	0.14601  	0.01015  	0.11903  	0.35169  	-0.0012  	-0.5454  	-0.8523  	0.85043  	-0.1010  	0.28850  	-0.2867  	0.46579  	-0.0762  	-0.2059  	-0.5910  	0.28317  	-0.1236  	-0.1468  	-0.4032  	-0.0757  	-0.0756  	-0.0958  	-0.2254  	0.24257  	0.24728  	-0.0488  	0.19576  	0.26653  	0.10256  	-0.0046  	-0.1703  	0.24948  	-0.0253  	0.03866  	0.01175  	-0.0280  	-0.0778  	-0.0428  	0.03636  	-0.0027  	0.04278  	-0.0225  	0.02058  	0.01329  	-0.0046  	0.02226  	0.00321  	-0.0264  	0.03316  	0.00680  	-0.0303  	0.02571  	-0.0002  	-0.0070  	0.03075  	-0.0067  	-0.0069  	-0.0242  	0.03589  	-0.0073  	0.02253  	-0.2797  	
0.05383  	-0.0178  	0.05166  	0.73422  	0.14694  	0.43011  	0.15041  	-0.6286  	0.14614  	0.06471  	0.14097  	0.39194  	-0.0063  	-0.5958  	-0.9958  	0.92063  	-0.1424  	0.30219  	-0.2562  	0.52100  	-0.1518  	-0.1753  	-0.6798  	0.29073  	-0.0587  	-0.1852  	-0.3489  	0.00610  	-0.0223  	-0.0904  	-0.2538  	0.24403  	0.24321  	-0.0489  	0.19062  	0.31873  	0.07549  	-0.0203  	-0.1450  	0.25878  	-0.0231  	0.03696  	0.02439  	-0.0264  	-0.0715  	-0.0477  	0.02956  	0.01865  	0.05223  	-0.0258  	0.02640  	0.00827  	1.98967  	0.01903  	0.00588  	-0.0242  	0.04640  	0.00957  	-0.0251  	0.03240  	-0.0049  	-0.0063  	0.03540  	-0.0053  	-0.0069  	-0.0242  	0.03589  	-0.0073  	0.02253  	-0.2797  	
0.03079  	-0.0121  	0.00803  	0.69617  	0.17218  	0.41596  	0.13463  	-0.6456  	0.15241  	0.09050  	0.07520  	0.41195  	-0.0196  	-0.5998  	-1.0187  	0.92626  	-0.1097  	0.33198  	-0.2546  	0.52559  	-0.1874  	-0.1816  	-0.6687  	0.27207  	-0.0339  	-0.1836  	-0.3682  	0.04634  	0.04651  	-0.0784  	-0.2454  	0.22753  	0.21475  	-0.0517  	0.14088  	0.34344  	0.04062  	-0.0401  	-0.1203  	0.26478  	-0.0045  	0.03836  	0.04329  	-0.0141  	-0.0702  	-0.0495  	0.02899  	0.02575  	0.06003  	-0.0283  	0.02897  	0.00771  	0.00060  	0.02379  	0.00989  	-0.0212  	0.04493  	0.00599  	-0.0252  	0.03405  	-0.0072  	-0.0071  	0.03144  	-0.0080  	-0.0069  	-0.0242  	0.03589  	-0.0073  	0.02253  	-0.2797  	
0.06944  	0.02435  	-0.0206  	0.75324  	0.20860  	0.43062  	0.13404  	-0.6532  	0.15038  	0.07590  	0.01427  	0.35701  	0.00500  	-0.4961  	-0.9201  	0.83287  	-0.1142  	0.28654  	-0.2951  	0.46618  	-0.1167  	-0.1980  	-0.6865  	0.28877  	0.00208  	-0.1663  	-0.3262  	-0.0331  	0.02040  	-0.0648  	-0.2404  	0.24397  	0.22896  	-0.0484  	0.18889  	0.29410  	0.03989  	-0.0660  	-0.0838  	0.28353  	-0.0305  	0.06114  	0.02159  	-0.0257  	-0.0745  	-0.0377  	0.01551  	0.02501  	0.05255  	-0.0145  	0.03609  	0.00980  	0.00305  	0.01926  	0.00661  	-0.0218  	0.03883  	0.00032  	-0.0285  	0.03020  	-0.0047  	-0.0198  	0.02665  	-0.0031  	-0.0069  	-0.0242  	0.03589  	-0.0073  	0.02253  	-0.2797  	
0.05778  	0.05040  	-0.0393  	0.89961  	0.24728  	0.47801  	0.16274  	-0.6444  	0.18211  	-0.0026  	-0.0645  	0.37947  	0.04564  	-0.3546  	-0.7512  	0.79156  	-0.1009  	0.28706  	-0.2770  	0.43555  	-0.1118  	-0.1783  	-0.6814  	0.25276  	-0.0011  	-0.1642  	-0.3336  	0.05845  	0.09267  	-0.0389  	-0.2669  	0.23346  	0.23510  	-0.0507  	0.21689  	0.27071  	0.02490  	-0.0684  	-0.1111  	0.27688  	-0.0428  	0.05632  	-0.0148  	-0.0239  	-0.0807  	-0.0426  	0.02399  	0.01977  	0.05998  	-0.0172  	0.03063  	0.01321  	0.00291  	0.01969  	0.00485  	-0.0228  	0.02708  	-0.0003  	-0.0196  	0.03363  	-0.0019  	-0.0070  	0.02523  	-0.0072  	-0.0069  	-0.0242  	0.03589  	-0.0073  	0.02253  	-0.2797  	
0.03717  	0.04312  	-0.0799  	0.95921  	0.28211  	0.47384  	0.13956  	-0.6064  	0.18265  	-0.0384  	-0.1087  	0.37730  	0.08688  	-0.3077  	-0.6321  	0.76495  	-0.1063  	0.27235  	-0.2960  	0.42676  	-0.1122  	-0.1685  	-0.6593  	0.25155  	-0.0162  	-0.1720  	-0.3708  	0.03991  	0.11895  	-0.0286  	-0.2760  	0.22362  	0.23393  	-0.0486  	0.21579  	0.26152  	-0.0007  	-0.0615  	-0.1099  	0.26361  	-0.0652  	0.05698  	-0.0051  	-0.0288  	-0.0784  	-0.0439  	0.03089  	0.00823  	0.06312  	-0.0301  	0.01711  	0.00886  	0.00030  	0.01884  	0.00677  	-0.0302  	0.02996  	0.00346  	-0.0193  	0.02912  	-0.0032  	-0.0065  	0.02558  	-0.0039  	-0.0069  	-0.0242  	0.03589  	-0.0073  	0.02253  	-0.2797  	
0.02171  	0.04143  	-0.0555  	0.96072  	0.27103  	0.50054  	0.12086  	-0.5727  	0.19602  	-0.0646  	-0.1442  	0.36993  	0.10578  	-0.3123  	-0.5702  	0.76193  	-0.0942  	0.26948  	-0.3086  	0.45973  	-0.1027  	-0.1549  	-0.6338  	0.24748  	-0.0512  	-0.1570  	-0.3856  	0.03870  	0.11184  	-0.0228  	-0.2744  	0.19791  	0.24438  	-0.0356  	0.19890  	0.23267  	0.00588  	-0.0644  	-0.1039  	0.27045  	-0.0836  	0.06514  	-0.0029  	-0.0271  	-0.0717  	-0.0458  	0.03429  	0.00899  	0.05593  	-0.0218  	0.01906  	0.00923  	-0.0013  	0.02012  	0.00319  	-0.0266  	0.03617  	0.00287  	-0.0244  	0.02515  	-0.0017  	-0.0042  	0.03156  	-0.0034  	-0.0069  	-0.0242  	0.03589  	-0.0073  	0.02253  	-0.2797  	
0.02679  	0.04715  	0.00629  	0.89599  	0.19976  	0.55757  	0.11321  	-0.5484  	0.19473  	-0.0664  	-0.1169  	0.33003  	0.08839  	-0.3875  	-0.5645  	0.77981  	-0.0777  	0.26102  	-0.3066  	0.46120  	-0.0454  	-0.1704  	-0.5775  	0.25401  	-0.0927  	-0.1494  	-0.3743  	-0.0198  	0.02800  	-0.0484  	-0.2474  	0.19927  	0.25298  	-0.0376  	0.17873  	0.21283  	0.06400  	-0.0583  	-0.1185  	0.25635  	-0.0633  	0.06175  	0.00339  	-0.0395  	-0.0745  	-0.0419  	0.02957  	0.01499  	0.05179  	-0.0144  	0.01915  	0.01357  	8.87706  	0.02198  	0.00528  	-0.0245  	0.03413  	0.00368  	-0.0255  	0.02539  	-0.0004  	0.00405  	0.03209  	-0.0044  	-0.0069  	-0.0242  	0.03589  	-0.0073  	0.02253  	-0.2797  	
0.09506  	0.05747  	0.10672  	0.79397  	0.14680  	0.56823  	0.10847  	-0.5325  	0.20168  	-0.0373  	-0.0614  	0.29301  	0.05507  	-0.4052  	-0.6265  	0.82735  	-0.0808  	0.25623  	-0.2828  	0.44299  	-0.0154  	-0.1863  	-0.5550  	0.25657  	-0.1215  	-0.1472  	-0.3584  	-0.1085  	-0.0494  	-0.0753  	-0.2232  	0.22269  	0.25939  	-0.0377  	0.20358  	0.19929  	0.10152  	-0.0287  	-0.1517  	0.24622  	-0.0401  	0.04998  	0.01109  	-0.0304  	-0.0768  	-0.0426  	0.03252  	0.01729  	0.05567  	-0.0176  	0.01667  	0.01487  	0.00114  	0.02407  	0.00518  	-0.0202  	0.03363  	0.00437  	-0.0277  	0.02953  	0.00013  	-0.0001  	0.02778  	-0.0110  	-0.0069  	-0.0242  	0.03589  	-0.0073  	0.02253  	-0.2797  	
0.13005  	0.08850  	0.18617  	0.67728  	0.10513  	0.54753  	0.11882  	-0.5012  	0.21999  	-0.0201  	0.04011  	0.30589  	0.02814  	-0.4152  	-0.7057  	0.87414  	-0.0906  	0.22125  	-0.2692  	0.41544  	0.04444  	-0.1984  	-0.5294  	0.26787  	-0.1826  	-0.1452  	-0.3488  	-0.2159  	-0.1379  	-0.1148  	-0.2093  	0.24551  	0.27373  	-0.0478  	0.21819  	0.17016  	0.17865  	0.01507  	-0.1789  	0.21466  	-0.0121  	0.03764  	0.01776  	-0.0144  	-0.0771  	-0.0458  	0.03278  	0.02243  	0.06070  	-0.0165  	0.00594  	0.01669  	0.00222  	0.02889  	0.00741  	-0.0191  	0.02807  	0.00128  	-0.0329  	0.03402  	0.00371  	0.00159  	0.03224  	-0.0069  	-0.0069  	-0.0242  	0.03589  	-0.0073  	0.02253  	-0.2797  	
0.14582  	0.09352  	0.19519  	0.64103  	0.05944  	0.54047  	0.12163  	-0.4800  	0.22547  	-0.0230  	0.15869  	0.31755  	0.02217  	-0.3989  	-0.7459  	0.89743  	-0.0887  	0.19144  	-0.2606  	0.38151  	0.12092  	-0.1941  	-0.5009  	0.30223  	-0.1973  	-0.1542  	-0.3175  	-0.2961  	-0.2286  	-0.1402  	-0.2158  	0.26605  	0.27212  	-0.0562  	0.24643  	0.15835  	0.24175  	0.04270  	-0.2064  	0.19386  	-0.0286  	0.03152  	0.01821  	-0.0147  	-0.0764  	-0.0431  	0.03311  	0.02047  	0.05770  	-0.0112  	0.00310  	0.01729  	0.00409  	0.03114  	0.00695  	-0.0205  	0.02160  	0.00303  	-0.0346  	0.03533  	0.00662  	0.00175  	0.03233  	-0.0078  	-0.0069  	-0.0242  	0.03589  	-0.0073  	0.02253  	-0.2797  	
0.12602  	0.09998  	0.18730  	0.56770  	-0.0349  	0.50272  	0.11420  	-0.4738  	0.24696  	-0.0547  	0.28017  	0.34046  	0.00548  	-0.4065  	-0.7938  	0.91638  	-0.0789  	0.20319  	-0.2625  	0.35203  	0.19101  	-0.2100  	-0.4777  	0.34026  	-0.2462  	-0.1548  	-0.3124  	-0.3465  	-0.3113  	-0.1602  	-0.1974  	0.27599  	0.28828  	-0.0615  	0.28213  	0.13671  	0.29543  	0.06242  	-0.2385  	0.16778  	-0.0230  	0.02835  	0.02086  	-0.0282  	-0.0817  	-0.0425  	0.03409  	0.00817  	0.04984  	-0.0068  	0.00090  	0.01618  	0.00527  	0.03466  	0.00215  	-0.0211  	0.02111  	0.00429  	-0.0343  	0.03621  	0.00815  	0.00191  	0.03160  	-0.0070  	-0.0069  	-0.0242  	0.03589  	-0.0073  	0.02253  	-0.2797  	
0.13761  	0.10313  	0.18840  	0.57005  	-0.0368  	0.50236  	0.11463  	-0.4703  	0.25299  	-0.0611  	0.28946  	0.35406  	0.00760  	-0.3895  	-0.7974  	0.92195  	-0.0748  	0.19846  	-0.2628  	0.33595  	0.20051  	-0.2048  	-0.4644  	0.34954  	-0.2523  	-0.1530  	-0.2987  	-0.3563  	-0.3231  	-0.1581  	-0.2011  	0.27500  	0.28512  	-0.0617  	0.29253  	0.13020  	0.30395  	0.06414  	-0.2432  	0.16722  	-0.0302  	0.02983  	0.02003  	-0.0278  	-0.0812  	-0.0422  	0.03435  	0.00839  	0.04926  	-0.0067  	0.00091  	0.01670  	0.00441  	0.03392  	0.00200  	-0.0213  	0.01793  	0.00549  	-0.0349  	0.03612  	0.00830  	0.00282  	0.03218  	-0.0060  	-0.0069  	-0.0242  	0.03589  	-0.0073  	0.02253  	-0.2797  	
0.13899  	0.09755  	0.17703  	0.56522  	-0.0307  	0.49066  	0.11105  	-0.4827  	0.25302  	-0.0568  	0.29283  	0.36103  	0.00410  	-0.3989  	-0.7990  	0.91497  	-0.0659  	0.19297  	-0.2722  	0.33377  	0.19087  	-0.2089  	-0.4518  	0.35288  	-0.2619  	-0.1501  	-0.2934  	-0.3452  	-0.3277  	-0.1542  	-0.1992  	0.27413  	0.28270  	-0.0645  	0.29943  	0.12129  	0.30285  	0.06359  	-0.2492  	0.16490  	-0.0342  	0.03047  	0.01802  	-0.0295  	-0.0834  	-0.0424  	0.03460  	0.00582  	0.04838  	-0.0090  	0.00027  	0.01873  	0.00171  	0.03205  	0.00275  	-0.0218  	0.01910  	0.00489  	-0.0349  	0.03389  	0.00815  	0.00335  	0.03164  	-0.0052  	-0.0069  	-0.0242  	0.03589  	-0.0073  	0.02253  	-0.2797  	
0.14866  	0.09729  	0.17600  	0.58149  	-0.0174  	0.49983  	0.11568  	-0.4846  	0.24881  	-0.0634  	0.26718  	0.34973  	0.01588  	-0.3899  	-0.7915  	0.91455  	-0.0644  	0.19767  	-0.2690  	0.33637  	0.17968  	-0.2024  	-0.4594  	0.36127  	-0.2466  	-0.1507  	-0.2830  	-0.3466  	-0.3127  	-0.1501  	-0.2025  	0.27027  	0.28013  	-0.0650  	0.30425  	0.12830  	0.28730  	0.05547  	-0.2409  	0.17103  	-0.0447  	0.03187  	0.01607  	-0.0296  	-0.0827  	-0.0423  	0.03449  	0.00815  	0.05078  	-0.0088  	0.00442  	0.01799  	0.00150  	0.03000  	0.00294  	-0.0218  	0.01898  	0.00570  	-0.0357  	0.03290  	0.00654  	0.00384  	0.03433  	-0.0058  	-0.0069  	-0.0242  	0.03589  	-0.0073  	0.02253  	-0.2797  	
0.06008  	0.07603  	0.13038  	0.57768  	0.01712  	0.42895  	0.11722  	-0.5452  	0.21838  	-0.0315  	0.23968  	0.36532  	0.01345  	-0.4417  	-0.8491  	0.85792  	-0.0898  	0.25048  	-0.3017  	0.41269  	0.08977  	-0.2262  	-0.5156  	0.28538  	-0.2399  	-0.1373  	-0.4027  	-0.1843  	-0.1758  	-0.1515  	-0.2053  	0.23848  	0.29337  	-0.0555  	0.24346  	0.16731  	0.19247  	0.02048  	-0.1940  	0.20238  	0.00168  	0.03121  	0.01774  	-0.0319  	-0.0811  	-0.0452  	0.04100  	0.00692  	0.04538  	-0.0145  	0.01241  	0.01805  	0.00071  	0.02259  	0.00151  	-0.0270  	0.02839  	0.00487  	-0.0334  	0.03005  	0.00694  	-0.0037  	0.03532  	-0.0021  	-0.0069  	-0.0242  	0.03589  	-0.0073  	0.02253  	-0.2797  	
-0.0703  	-3.4928  	0.00046  	0.56051  	0.02939  	0.35340  	0.12709  	-0.6276  	0.19695  	0.00316  	0.21715  	0.34630  	0.00321  	-0.5303  	-0.9085  	0.83155  	-0.0870  	0.33639  	-0.2902  	0.46894  	-0.0486  	-0.2387  	-0.5847  	0.22577  	-0.2140  	-0.1358  	-0.4733  	-0.0448  	-0.0677  	-0.1461  	-0.1987  	0.23457  	0.27443  	-0.0565  	0.17506  	0.22682  	0.11171  	-0.0053  	-0.1772  	0.23866  	0.03767  	0.02448  	0.01944  	-0.0295  	-0.0798  	-0.0449  	0.03758  	0.00096  	0.04410  	-0.0099  	0.01234  	0.01612  	-0.0005  	0.02135  	0.00579  	-0.0305  	0.03046  	0.00350  	-0.0298  	0.02943  	0.00268  	-0.0037  	0.03506  	-0.0022  	-0.0069  	-0.0242  	0.03589  	-0.0073  	0.02253  	-0.2797  	
-0.1287  	-0.0137  	-0.0611  	0.62975  	0.13445  	0.32795  	0.12720  	-0.6808  	0.16623  	0.01690  	0.09800  	0.33557  	0.00797  	-0.5858  	-0.9245  	0.82791  	-0.1043  	0.36502  	-0.2964  	0.52689  	-0.1996  	-0.2111  	-0.6322  	0.23294  	-0.1470  	-0.1326  	-0.4976  	0.08810  	0.04384  	-0.1200  	-0.2288  	0.22797  	0.25500  	-0.0522  	0.11043  	0.29884  	-0.0081  	-0.0527  	-0.1170  	0.29183  	0.04212  	0.02937  	0.01252  	-0.0301  	-0.0827  	-0.0433  	0.03834  	0.01346  	0.04988  	-0.0162  	0.01769  	0.01033  	-0.0032  	0.01880  	0.00264  	-0.0384  	0.03911  	0.00556  	-0.0236  	0.03070  	-0.0038  	-0.0012  	0.03700  	-0.0011  	-0.0069  	-0.0242  	0.03589  	-0.0073  	0.02253  	-0.2797  	
-0.0877  	-0.0112  	-0.0693  	0.78665  	0.25500  	0.37654  	0.12783  	-0.6367  	0.16496  	0.00733  	0.06286  	0.41102  	0.02707  	-0.5080  	-0.8003  	0.84595  	-0.1258  	0.31867  	-0.3319  	0.54297  	-0.1871  	-0.2079  	-0.6784  	0.25238  	-0.1005  	-0.1537  	-0.4280  	0.07501  	0.04546  	-0.0856  	-0.2371  	0.21396  	0.24564  	-0.0395  	0.19050  	0.28713  	-0.0018  	-0.0560  	-0.1243  	0.28883  	-0.0357  	0.05640  	-0.0018  	-0.0526  	-0.0668  	-0.0371  	0.03314  	0.01962  	0.05174  	-0.0086  	0.02188  	0.01060  	-0.0024  	0.01762  	0.00550  	-0.0298  	0.04055  	0.00583  	-0.0237  	0.03177  	-0.0052  	-0.0078  	0.02954  	-0.0031  	-0.0069  	-0.0242  	0.03589  	-0.0073  	0.02253  	-0.2797  	
-0.0804  	-0.0028  	-0.0786  	0.85819  	0.28487  	0.40703  	0.12174  	-0.6186  	0.17061  	-0.0113  	0.01372  	0.41752  	0.05603  	-0.4096  	-0.7516  	0.84100  	-0.1155  	0.31022  	-0.3058  	0.53855  	-0.1628  	-0.2045  	-0.7054  	0.24722  	-0.0751  	-0.1458  	-0.4161  	0.07670  	0.04558  	-0.0521  	-0.2322  	0.20818  	0.25572  	-0.0345  	0.18747  	0.26915  	-0.0073  	-0.0551  	-0.1060  	0.28921  	-0.0619  	0.05475  	0.00029  	-0.0420  	-0.0673  	-0.0438  	0.03308  	0.00953  	0.04709  	-0.0141  	0.01780  	0.01284  	-0.0035  	0.02323  	0.00551  	-0.0321  	0.04297  	0.00499  	-0.0229  	0.03283  	-0.0034  	-0.0098  	0.02913  	-0.0026  	-0.0069  	-0.0242  	0.03589  	-0.0073  	0.02253  	-0.2797  	
-0.0525  	0.02793  	-0.0527  	0.85880  	0.21303  	0.47698  	0.12008  	-0.6028  	0.16318  	-0.0558  	-0.0834  	0.32841  	0.05233  	-0.3839  	-0.5972  	0.77231  	-0.0818  	0.27042  	-0.3017  	0.45609  	-0.0858  	-0.1545  	-0.6068  	0.27371  	-0.0738  	-0.1510  	-0.3758  	-0.0307  	0.04361  	-0.0425  	-0.2503  	0.22409  	0.23413  	-0.0495  	0.19803  	0.21096  	0.05033  	-0.0422  	-0.1290  	0.28328  	-0.0604  	0.03615  	0.00243  	-0.0198  	-0.0714  	-0.0477  	0.03261  	0.00210  	0.05027  	-0.0219  	0.01754  	0.01350  	0.00132  	0.02242  	0.00447  	-0.0305  	0.03293  	0.00472  	-0.0247  	0.03312  	-0.0012  	-0.0066  	0.03315  	-0.0082  	-0.0069  	-0.0242  	0.03589  	-0.0073  	0.02253  	-0.2797  	
0.00091  	0.02256  	0.07646  	0.66121  	0.13068  	0.45337  	0.14249  	-0.6085  	0.17907  	0.00204  	0.05595  	0.31313  	-0.0235  	-0.5371  	-0.8480  	0.90784  	-0.1166  	0.30031  	-0.2818  	0.45949  	-0.0634  	-0.1814  	-0.5893  	0.30069  	-0.1082  	-0.1545  	-0.3745  	-0.1134  	-0.0435  	-0.1076  	-0.2298  	0.24508  	0.24546  	-0.0436  	0.20184  	0.25793  	0.11664  	-0.0283  	-0.1599  	0.27040  	-0.0356  	0.04440  	0.02248  	-0.0079  	-0.0823  	-0.0456  	0.02713  	0.00810  	0.05845  	-0.0163  	0.02358  	0.01314  	0.00097  	0.02398  	0.00915  	-0.0276  	0.03287  	0.00194  	-0.0265  	0.02941  	-0.0012  	-0.0119  	0.02207  	-0.0080  	-0.0069  	-0.0242  	0.03589  	-0.0073  	0.02253  	-0.2797  	
0.03479  	-0.0075  	0.04110  	0.59470  	0.10272  	0.40350  	0.13441  	-0.6520  	0.16246  	0.07553  	0.14252  	0.34678  	-0.0527  	-0.6182  	-1.0133  	0.89565  	-0.1443  	0.34444  	-0.2803  	0.48420  	-0.1116  	-0.1942  	-0.6118  	0.27382  	-0.1260  	-0.1593  	-0.3756  	-0.0491  	-0.0154  	-0.1066  	-0.2211  	0.25220  	0.24116  	-0.0574  	0.18989  	0.29654  	0.08371  	-0.0240  	-0.1519  	0.27196  	-0.0014  	0.04640  	0.02119  	-0.0075  	-0.0779  	-0.0473  	0.03590  	0.00854  	0.05630  	-0.0203  	0.02432  	0.01108  	0.00408  	0.01952  	0.01180  	-0.0328  	0.04007  	0.00516  	-0.0268  	0.03066  	-0.0024  	-0.0084  	0.03641  	-0.0057  	-0.0069  	-0.0242  	0.03589  	-0.0073  	0.02253  	-0.2797  	
0.01125  	-0.0523  	0.07291  	0.50700  	0.08806  	0.36456  	0.17662  	-0.7118  	0.16483  	0.12424  	0.17250  	0.32097  	-0.0408  	-0.6684  	-1.1152  	0.95650  	-0.1614  	0.36984  	-0.2962  	0.51523  	-0.1761  	-0.2209  	-0.6794  	0.22951  	-0.1205  	-0.1575  	-0.3905  	-0.0104  	-0.0250  	-0.1119  	-0.2071  	0.24531  	0.24384  	-0.0394  	0.16178  	0.35106  	0.07916  	-0.0108  	-0.1511  	0.28090  	0.00866  	0.04852  	0.02835  	-0.0089  	-0.0857  	-0.0459  	0.03730  	0.02001  	0.05891  	-0.0223  	0.02555  	0.01502  	0.00224  	0.02776  	0.01240  	-0.0324  	0.03262  	0.00016  	-0.0292  	0.02735  	-0.0055  	-0.0103  	0.03706  	-0.0074  	-0.0069  	-0.0242  	0.03589  	-0.0073  	0.02253  	-0.2797  	
-0.0971  	-0.0574  	0.01779  	0.42980  	0.00816  	0.34384  	0.15389  	-0.7072  	0.13873  	0.09266  	0.18712  	0.25213  	-0.0398  	-0.6766  	-1.1354  	0.90165  	-0.1311  	0.34480  	-0.2765  	0.49235  	-0.1839  	-0.2266  	-0.6317  	0.21912  	-0.1321  	-0.1423  	-0.4414  	0.01307  	-0.0021  	-0.1192  	-0.2105  	0.23841  	0.23228  	-0.0456  	0.15487  	0.35449  	0.06094  	-0.0217  	-0.1460  	0.26899  	0.03612  	0.03724  	0.02442  	-0.0115  	-0.0787  	-0.0469  	0.03405  	0.01129  	0.04732  	-0.0142  	0.02494  	0.01371  	0.00155  	0.02254  	0.01004  	-0.0382  	0.03732  	0.00631  	-0.0302  	0.02903  	-0.0026  	-0.0071  	0.03729  	-0.0021  	-0.0069  	-0.0242  	0.03589  	-0.0073  	0.02253  	-0.2797  	
-0.2245  	-0.0724  	-0.0520  	0.36225  	-0.0485  	0.30239  	0.14430  	-0.7127  	0.13177  	0.05314  	0.17509  	0.23756  	-0.0598  	-0.7017  	-1.0996  	0.82879  	-0.1094  	0.31254  	-0.2836  	0.48210  	-0.1612  	-0.2381  	-0.5971  	0.23332  	-0.1269  	-0.1407  	-0.4157  	-0.0095  	-0.0168  	-0.1189  	-0.2056  	0.24308  	0.22548  	-0.0575  	0.14865  	0.34668  	0.07565  	-0.0102  	-0.1679  	0.26660  	0.03942  	0.03237  	0.02331  	-0.0130  	-0.0794  	-0.0485  	0.04006  	-0.0066  	0.04209  	-0.0163  	0.01893  	0.01646  	-0.0001  	0.02457  	0.00850  	-0.0365  	0.03537  	0.00804  	-0.0256  	0.03075  	-0.0028  	-0.0061  	0.03151  	-0.0011  	-0.0069  	-0.0242  	0.03589  	-0.0073  	0.02253  	-0.2797  	
-0.3072  	-0.0798  	-0.0686  	0.31670  	-0.0800  	0.27396  	0.09781  	-0.7388  	0.12517  	0.02417  	0.17850  	0.21648  	-0.0606  	-0.7484  	-1.0618  	0.77348  	-0.0621  	0.31688  	-0.2733  	0.46415  	-0.1376  	-0.2492  	-0.5401  	0.21204  	-0.1499  	-0.1210  	-0.4356  	-0.0303  	-0.0226  	-0.1495  	-0.1971  	0.24902  	0.21589  	-0.0476  	0.09963  	0.29523  	0.08732  	0.00746  	-0.1638  	0.22213  	0.06264  	0.02211  	0.02459  	-0.0235  	-0.0721  	-0.0438  	0.03613  	-0.0107  	0.03617  	-0.0145  	0.01179  	0.01448  	0.00352  	0.02653  	0.00536  	-0.0349  	0.03251  	0.00616  	-0.0239  	0.02874  	0.00537  	-0.0115  	0.03312  	-0.0061  	-0.0069  	-0.0242  	0.03589  	-0.0073  	0.02253  	-0.2797  	
-0.3248  	-0.0711  	-0.0660  	0.33023  	-0.0536  	0.25281  	0.09633  	-0.7173  	0.12858  	0.03646  	0.19568  	0.24303  	-0.0629  	-0.7477  	-1.0451  	0.77787  	-0.0609  	0.32250  	-0.2827  	0.44779  	-0.1403  	-0.2444  	-0.5255  	0.18735  	-0.1852  	-0.1154  	-0.4634  	-0.0246  	-0.0127  	-0.1427  	-0.1933  	0.23159  	0.22198  	-0.0486  	0.07831  	0.28728  	0.07400  	0.00749  	-0.1609  	0.22819  	0.06481  	0.02107  	0.02943  	-0.0189  	-0.0758  	-0.0471  	0.03765  	-0.0111  	0.03448  	-0.0176  	0.00911  	0.01490  	0.00582  	0.02592  	0.00637  	-0.0378  	0.03155  	0.00486  	-0.0265  	0.02939  	0.00445  	-0.0027  	0.03315  	-0.0017  	-0.0069  	-0.0242  	0.03589  	-0.0073  	0.02253  	-0.2797  	
-0.3466  	-0.0635  	-0.0360  	0.37202  	-0.0446  	0.24076  	0.06774  	-0.6582  	0.12272  	0.02092  	0.18881  	0.29324  	-0.0025  	-0.7938  	-1.0037  	0.73307  	0.01833  	0.19795  	-0.2340  	0.24006  	-0.1163  	-0.4212  	-0.7162  	0.16764  	-0.2686  	-0.0163  	-0.4969  	-0.0708  	0.06780  	-0.1624  	-0.0784  	0.18118  	0.16418  	-0.1791  	-0.0079  	0.24409  	-0.0253  	0.00128  	-0.2388  	0.16985  	0.13352  	0.12440  	-0.0567  	0.05012  	-0.1285  	-0.0316  	0.02245  	0.00805  	0.02516  	-0.0250  	0.01224  	0.02154  	0.00158  	0.03749  	0.01344  	-0.0412  	0.02684  	-0.0064  	-0.0289  	0.03434  	0.00828  	-0.0019  	0.01873  	-0.0011  	-0.0069  	-0.0242  	0.03589  	-0.0073  	0.02253  	-0.2797  	
-0.3640  	-0.0587  	-0.0081  	0.36736  	-0.0458  	0.22161  	0.06512  	-0.6300  	0.11461  	0.01646  	0.19995  	0.30501  	0.03046  	-0.8192  	-1.0061  	0.69549  	0.06844  	0.10494  	-0.1894  	0.07451  	-0.1093  	-0.5690  	-0.8871  	0.15089  	-0.3237  	0.05473  	-0.5259  	-0.1053  	0.13800  	-0.1819  	0.00802  	0.14627  	0.10805  	-0.2811  	-0.0691  	0.23035  	-0.1069  	-0.0067  	-0.3013  	0.11905  	0.19914  	0.20480  	-0.1289  	0.10741  	-0.1683  	-0.0185  	0.00677  	0.02476  	0.01461  	-0.0315  	0.01469  	0.02516  	0.00225  	0.04753  	0.01713  	-0.0430  	0.02348  	-0.0134  	-0.0311  	0.03809  	0.01435  	-0.0002  	0.00680  	-0.0027  	-0.0069  	-0.0242  	0.03589  	-0.0073  	0.02253  	-0.2797  	
-0.3648  	-0.0551  	-0.0068  	0.33654  	-0.0664  	0.16951  	0.05467  	-0.6221  	0.11717  	0.05155  	0.23732  	0.33937  	0.06380  	-0.7799  	-1.0346  	0.69631  	0.06054  	0.08662  	-0.1726  	0.04863  	-0.1042  	-0.6097  	-0.9376  	0.15233  	-0.3536  	0.07031  	-0.5589  	-0.1068  	0.13501  	-0.1984  	0.04436  	0.12926  	0.11300  	-0.3050  	-0.0689  	0.22674  	-0.1369  	-0.0251  	-0.3137  	0.10326  	0.20932  	0.22625  	-0.1517  	0.11566  	-0.1809  	-0.0154  	0.00390  	0.03388  	0.01144  	-0.0312  	0.01894  	0.02477  	-0.0007  	0.04695  	0.01520  	-0.0407  	0.02019  	-0.0176  	-0.0312  	0.03978  	0.01914  	0.00092  	0.00626  	-0.0029  	-0.0069  	-0.0242  	0.03589  	-0.0073  	0.02253  	-0.2797  	
-0.3507  	-0.0655  	-0.0635  	0.32616  	-0.0396  	0.11291  	0.06849  	-0.6177  	0.12187  	0.06300  	0.29241  	0.31718  	0.03869  	-0.7166  	-1.0244  	0.66706  	0.04198  	0.08264  	-0.1908  	0.10139  	-0.0673  	-0.5730  	-0.9344  	0.21060  	-0.3049  	0.03303  	-0.4958  	-0.1289  	0.10429  	-0.1782  	-0.0165  	0.14014  	0.11572  	-0.2828  	3.75570  	0.24359  	-0.0876  	-0.0215  	-0.3239  	0.11253  	0.15959  	0.21108  	-0.1429  	0.09169  	-0.1642  	-0.0181  	0.00997  	0.02405  	0.02154  	-0.0331  	0.01658  	0.02165  	0.00088  	0.04915  	0.01545  	-0.0454  	0.02390  	-0.0114  	-0.0298  	0.04150  	0.01311  	-0.0056  	0.01216  	-0.0010  	-0.0069  	-0.0242  	0.03589  	-0.0073  	0.02253  	-0.2797  	
-0.4350  	-0.0905  	-0.1361  	0.30919  	-0.0275  	0.08864  	0.09669  	-0.6714  	0.13070  	0.08396  	0.33066  	0.29772  	-0.0314  	-0.7446  	-1.0437  	0.69417  	-0.0178  	0.18294  	-0.2371  	0.27487  	-0.0857  	-0.4317  	-0.7909  	0.25538  	-0.2557  	-0.0252  	-0.4785  	-0.0924  	0.04117  	-0.1663  	-0.0754  	0.16989  	0.16955  	-0.1828  	0.06141  	0.24846  	-0.0202  	-0.0236  	-0.2535  	0.17609  	0.10849  	0.13338  	-0.0786  	0.04086  	-0.1187  	-0.0314  	0.02260  	0.00507  	0.02329  	-0.0245  	0.01627  	0.01892  	-0.0019  	0.03763  	0.01038  	-0.0417  	0.02918  	-0.0040  	-0.0296  	0.03954  	0.00988  	0.00054  	0.01828  	-0.0023  	-0.0069  	-0.0242  	0.03589  	-0.0073  	0.02253  	-0.2797  	
-0.2663  	-0.0385  	-0.0547  	0.29881  	-0.0730  	0.27606  	0.10604  	-0.6589  	0.16279  	0.05766  	0.17789  	0.28683  	-0.0116  	-0.6090  	-1.0256  	0.74758  	-0.0548  	0.31911  	-0.2820  	0.46190  	-0.1023  	-0.2138  	-0.5136  	0.20883  	-0.2102  	-0.1088  	-0.4503  	-0.0698  	-0.0718  	-0.1558  	-0.1723  	0.20556  	0.26609  	-0.0526  	0.09166  	0.23369  	0.09143  	-0.0234  	-0.1407  	0.23688  	0.05446  	0.01548  	0.03509  	-0.0174  	-0.0803  	-0.0462  	0.04289  	-0.0015  	0.03619  	-0.0105  	0.00864  	0.01492  	-0.0023  	0.02274  	-0.0001  	-0.0320  	0.02668  	0.00144  	-0.0283  	0.03334  	0.00770  	0.00298  	0.03191  	-0.0041  	-0.0069  	-0.0242  	0.03589  	-0.0073  	0.02253  	-0.2797  	
-0.1378  	-0.0484  	-0.0018  	0.45058  	-0.0111  	0.35432  	0.11026  	-0.6316  	0.17520  	0.04956  	0.19325  	0.31345  	-0.0208  	-0.6036  	-0.9783  	0.80120  	-0.0821  	0.33928  	-0.2696  	0.45997  	-0.1145  	-0.2118  	-0.5632  	0.17274  	-0.2177  	-0.1156  	-0.5309  	-0.0193  	-0.0605  	-0.1558  	-0.1881  	0.20833  	0.27115  	-0.0579  	0.11509  	0.22656  	0.09433  	-0.0105  	-0.1597  	0.23699  	0.07672  	0.02209  	0.05264  	-0.0187  	-0.0870  	-0.0504  	0.03475  	-0.0017  	0.04859  	-0.0041  	0.01419  	0.01713  	-0.0010  	0.02827  	0.00817  	-0.0302  	0.03117  	-0.0016  	-0.0353  	0.02974  	0.00505  	0.00489  	0.03272  	0.00094  	-0.0069  	-0.0242  	0.03589  	-0.0073  	0.02253  	-0.2797  	
-0.1510  	-0.0256  	-0.0342  	0.47261  	0.05536  	0.35878  	0.09205  	-0.6592  	0.15752  	0.01836  	0.18349  	0.32305  	-0.0343  	-0.6064  	-0.9671  	0.80188  	-0.0963  	0.32393  	-0.2685  	0.46456  	-0.0804  	-0.2607  	-0.5995  	0.20737  	-0.2022  	-0.1369  	-0.4403  	-0.0336  	-0.0631  	-0.1381  	-0.2020  	0.23626  	0.26627  	-0.0512  	0.18418  	0.26262  	0.09765  	-0.0060  	-0.1695  	0.22909  	0.03840  	0.03396  	0.02515  	-0.0287  	-0.0797  	-0.0447  	0.04089  	0.00137  	0.04039  	-0.0148  	0.01610  	0.01412  	-0.0017  	0.01927  	0.00483  	-0.0339  	0.03846  	0.00741  	-0.0303  	0.02923  	0.00081  	-0.0055  	0.03626  	-0.0060  	-0.0069  	-0.0242  	0.03589  	-0.0073  	0.02253  	-0.2797  	
-0.1101  	-0.0343  	0.00530  	0.43297  	0.00662  	0.33607  	0.11943  	-0.6939  	0.16718  	0.06892  	0.22598  	0.27971  	-0.0490  	-0.7054  	-1.0521  	0.87024  	-0.1221  	0.31925  	-0.2656  	0.47455  	-0.1027  	-0.2586  	-0.5833  	0.23338  	-0.1746  	-0.1394  	-0.4214  	-0.0325  	-0.0795  	-0.1308  	-0.1977  	0.25796  	0.23975  	-0.0481  	0.18437  	0.29543  	0.11611  	0.00338  	-0.1825  	0.22771  	0.02083  	0.03008  	0.01261  	-0.0212  	-0.0777  	-0.0487  	0.03721  	-0.0058  	0.04205  	-0.0190  	0.01929  	0.01739  	0.00238  	0.02342  	0.00907  	-0.0326  	0.03487  	0.00426  	-0.0277  	0.02838  	0.00061  	-0.0092  	0.03560  	-0.0031  	-0.0069  	-0.0242  	0.03589  	-0.0073  	0.02253  	-0.2797  	
-0.0844  	-0.0372  	0.03082  	0.42744  	-0.0006  	0.33677  	0.13779  	-0.6959  	0.16489  	0.11420  	0.26308  	0.29862  	-0.0465  	-0.7106  	-1.1219  	0.91941  	-0.1306  	0.34874  	-0.2759  	0.50805  	-0.1622  	-0.2673  	-0.6268  	0.21202  	-0.1719  	-0.1512  	-0.4553  	0.00588  	-0.0412  	-0.1309  	-0.2034  	0.24202  	0.24434  	-0.0443  	0.17318  	0.33144  	0.07596  	-0.0044  	-0.1684  	0.25396  	0.02050  	0.02835  	0.01616  	-0.0228  	-0.0820  	-0.0439  	0.03709  	-0.0022  	0.04690  	-0.0165  	0.02263  	0.01487  	0.00316  	0.02372  	0.01077  	-0.0338  	0.03405  	0.00530  	-0.0287  	0.02972  	-0.0012  	-0.0056  	0.03922  	-0.0022  	-0.0069  	-0.0242  	0.03589  	-0.0073  	0.02253  	-0.2797  	
-0.1150  	-0.0455  	0.03190  	0.37540  	-0.0337  	0.33687  	0.13878  	-0.7148  	0.15820  	0.11422  	0.22848  	0.28094  	-0.0430  	-0.7236  	-1.1700  	0.91640  	-0.1224  	0.35849  	-0.2751  	0.50703  	-0.1937  	-0.2744  	-0.6218  	0.20426  	-0.1769  	-0.1387  	-0.4757  	0.02719  	-0.0291  	-0.1347  	-0.2012  	0.23128  	0.24572  	-0.0489  	0.15073  	0.34209  	0.05301  	-0.0118  	-0.1571  	0.27214  	0.03488  	0.03789  	0.01499  	-0.0245  	-0.0865  	-0.0426  	0.03817  	0.00108  	0.04546  	-0.0103  	0.02567  	0.01699  	0.00196  	0.02508  	0.00754  	-0.0372  	0.03269  	0.00505  	-0.0286  	0.02892  	-0.0015  	-0.0041  	0.03411  	-0.0052  	-0.0069  	-0.0242  	0.03589  	-0.0073  	0.02253  	-0.2797  	
-0.2192  	-0.0578  	-0.0321  	0.33452  	-0.0705  	0.27537  	0.12242  	-0.7398  	0.13374  	0.09721  	0.19705  	0.24277  	-0.0553  	-0.7301  	-1.1295  	0.82660  	-0.1092  	0.32773  	-0.2785  	0.47362  	-0.1660  	-0.2499  	-0.5892  	0.22045  	-0.1679  	-0.1164  	-0.4568  	0.00881  	-0.0188  	-0.1407  	-0.1873  	0.23988  	0.23483  	-0.0494  	0.14009  	0.33203  	0.06473  	-0.0157  	-0.1653  	0.26257  	0.05451  	0.03443  	0.02043  	-0.0127  	-0.0771  	-0.0460  	0.03791  	-0.0087  	0.04254  	-0.0124  	0.01720  	0.01807  	0.00225  	0.02798  	0.00821  	-0.0374  	0.03337  	0.00719  	-0.0252  	0.03199  	-0.0005  	-0.0054  	0.03141  	0.00047  	-0.0069  	-0.0242  	0.03589  	-0.0073  	0.02253  	-0.2797  	
-0.2492  	-0.0738  	-0.0309  	0.36060  	-0.0485  	0.28395  	0.12462  	-0.7536  	0.12057  	0.06114  	0.19445  	0.22892  	-0.0754  	-0.7461  	-1.1077  	0.83144  	-0.0835  	0.29670  	-0.2762  	0.46351  	-0.1570  	-0.2498  	-0.5767  	0.24712  	-0.1385  	-0.1304  	-0.4221  	-0.0473  	-0.0657  	-0.1313  	-0.2109  	0.24052  	0.21089  	-0.0622  	0.15043  	0.33409  	0.10467  	-0.0084  	-0.1999  	0.23792  	0.04222  	0.03617  	0.00877  	-0.0306  	-0.0730  	-0.0466  	0.04192  	-0.0132  	0.04091  	-0.0085  	0.02051  	0.01510  	-0.0025  	0.02747  	0.00691  	-0.0339  	0.04094  	0.00589  	-0.0265  	0.02493  	-0.0019  	-0.0140  	0.03664  	-0.0018  	-0.0069  	-0.0242  	0.03589  	-0.0073  	0.02253  	-0.2797  	
-0.3702  	-0.0919  	-0.0836  	0.28505  	-0.0622  	0.18044  	0.11677  	-0.7388  	0.14237  	0.10962  	0.22931  	0.24030  	-0.0356  	-0.7183  	-1.1342  	0.80115  	-0.0767  	0.31869  	-0.2678  	0.46606  	-0.1739  	-0.2525  	-0.5656  	0.22808  	-0.1466  	-0.1283  	-0.4522  	-0.0298  	-0.0493  	-0.1252  	-0.1934  	0.23246  	0.22181  	-0.0603  	0.12398  	0.32401  	0.07839  	-0.0182  	-0.1738  	0.23512  	0.04822  	0.02867  	0.00422  	-0.0407  	-0.0730  	-0.0481  	0.03819  	-0.0056  	0.05275  	-0.0130  	0.01956  	0.01394  	-0.0028  	0.02908  	0.00703  	-0.0369  	0.02800  	0.00388  	-0.0235  	0.02798  	0.00201  	-0.0069  	0.03819  	-0.0038  	-0.0069  	-0.0242  	0.03589  	-0.0073  	0.02253  	-0.2797  	
-0.5259  	-0.1201  	-0.1859  	0.29833  	-0.0336  	0.02795  	0.12144  	-0.7114  	0.12594  	0.12016  	0.36031  	0.27813  	-0.0582  	-0.6574  	-1.0915  	0.73619  	-0.0986  	0.28880  	-0.3013  	0.49777  	-0.1434  	-0.2310  	-0.5689  	0.28998  	-0.2000  	-0.1045  	-0.4691  	-0.0596  	-0.0386  	-0.1534  	-0.1778  	0.20268  	0.24631  	-0.0526  	0.13953  	0.28570  	0.04974  	-0.0162  	-0.1612  	0.25028  	0.03019  	0.04555  	0.00233  	-0.0389  	-0.0753  	-0.0448  	0.04924  	-0.0116  	0.03953  	-0.0163  	0.00800  	0.01646  	0.00072  	0.02658  	0.00447  	-0.0425  	0.02931  	0.00131  	-0.0293  	0.03357  	0.00365  	-0.0010  	0.03060  	-0.0043  	-0.0069  	-0.0242  	0.03589  	-0.0073  	0.02253  	-0.2797  	
-0.4778  	-0.1266  	-0.2140  	0.30597  	0.02412  	0.05076  	0.10303  	-0.6943  	0.14252  	0.06969  	0.37224  	0.30579  	-0.0592  	-0.6533  	-1.0599  	0.70940  	-0.0937  	0.28132  	-0.3034  	0.53212  	-0.0596  	-0.2549  	-0.5722  	0.28465  	-0.2328  	-0.1081  	-0.4198  	-0.0494  	-0.0892  	-0.1452  	-0.1965  	0.20114  	0.25371  	-0.0513  	0.17008  	0.24525  	0.09295  	-0.0204  	-0.1840  	0.22236  	0.00069  	0.03803  	-0.0180  	-0.0359  	-0.0690  	-0.0486  	0.04681  	-0.0162  	0.04488  	-0.0122  	0.01151  	0.01102  	-0.0045  	0.02725  	0.00234  	-0.0332  	0.02806  	0.00444  	-0.0313  	0.03125  	0.00268  	-0.0067  	0.02753  	-0.0061  	-0.0069  	-0.0242  	0.03589  	-0.0073  	0.02253  	-0.2797  	
-0.4192  	-0.0745  	-0.1897  	0.35685  	0.02273  	0.12987  	0.08827  	-0.6627  	0.15826  	0.08216  	0.32311  	0.34679  	-0.0070  	-0.6033  	-1.0421  	0.72699  	-0.0887  	0.31079  	-0.2839  	0.52446  	-0.0927  	-0.2388  	-0.6045  	0.23935  	-0.2184  	-0.1059  	-0.4877  	-0.0054  	-0.0657  	-0.1530  	-0.1758  	0.19848  	0.26575  	-0.0503  	0.12720  	0.26580  	0.04749  	-0.0338  	-0.1324  	0.21884  	0.00209  	0.03099  	-0.0094  	-0.0546  	-0.0693  	-0.0466  	0.04025  	-0.0018  	0.03823  	-0.0102  	0.01448  	0.01869  	-0.0015  	0.02295  	0.00641  	-0.0359  	0.03157  	0.00538  	-0.0272  	0.03292  	0.00512  	-0.0012  	0.03041  	-0.0040  	-0.0069  	-0.0242  	0.03589  	-0.0073  	0.02253  	-0.2797  	
-0.3295  	-0.0682  	-0.0980  	0.35695  	-0.0142  	0.25559  	0.09862  	-0.6864  	0.14148  	0.08830  	0.19910  	0.33467  	-0.0093  	-0.6219  	-1.0251  	0.74379  	-0.0845  	0.33550  	-0.2880  	0.47186  	-0.1438  	-0.2131  	-0.5318  	0.21078  	-0.2065  	-0.1150  	-0.5156  	-0.0086  	0.00947  	-0.1321  	-0.1711  	0.19091  	0.24567  	-0.0448  	0.06793  	0.25544  	0.01143  	-0.0283  	-0.1333  	0.24987  	0.03828  	0.01806  	0.03082  	-0.0350  	-0.0736  	-0.0444  	0.03725  	0.00531  	0.04539  	-0.0159  	0.00650  	0.01527  	-0.0026  	0.01564  	0.00120  	-0.0404  	0.03278  	0.00146  	-0.0306  	0.02752  	0.00364  	-0.0086  	0.03663  	-0.0036  	-0.0069  	-0.0242  	0.03589  	-0.0073  	0.02253  	-0.2797  	
-0.3371  	-0.0504  	-0.1023  	0.28019  	-0.0378  	0.29361  	0.09403  	-0.7182  	0.13768  	0.06097  	0.15880  	0.30591  	-0.0456  	-0.7546  	-1.0945  	0.78808  	-0.0635  	0.36486  	-0.2808  	0.47932  	-0.2130  	-0.2311  	-0.5254  	0.16875  	-0.2030  	-0.1015  	-0.5107  	0.06847  	0.06025  	-0.1535  	-0.1557  	0.19639  	0.24587  	-0.0475  	-0.0116  	0.28249  	-0.0016  	-0.0319  	-0.1033  	0.25092  	0.08186  	0.01152  	0.04492  	-0.0168  	-0.0812  	-0.0453  	0.03888  	0.00982  	0.03816  	-0.0128  	0.00427  	0.01654  	-0.0030  	0.02111  	0.00528  	-0.0441  	0.03357  	0.00395  	-0.0260  	0.02861  	0.00642  	0.00166  	0.03666  	0.00042  	-0.0069  	-0.0242  	0.03589  	-0.0073  	0.02253  	-0.2797  	
-0.3390  	-0.0841  	-0.1380  	0.32355  	-0.0538  	0.27484  	0.08004  	-0.7308  	0.13080  	0.04606  	0.18473  	0.30886  	-0.0509  	-0.7963  	-1.0590  	0.78594  	-0.0521  	0.33641  	-0.2709  	0.46715  	-0.1812  	-0.2392  	-0.5282  	0.18908  	-0.1847  	-0.1099  	-0.4753  	0.01287  	0.03244  	-0.1307  	-0.1729  	0.20931  	0.23737  	-0.0437  	0.03386  	0.28303  	0.04529  	-0.0154  	-0.1345  	0.24706  	0.07723  	0.01699  	0.03749  	-0.0139  	-0.0778  	-0.0445  	0.04157  	-0.0048  	0.03290  	-0.0147  	0.00325  	0.01693  	0.00026  	0.02590  	0.00602  	-0.0378  	0.03137  	0.00466  	-0.0308  	0.02865  	0.00556  	-0.0045  	0.03151  	-0.0013  	-0.0069  	-0.0242  	0.03589  	-0.0073  	0.02253  	-0.2797  	
-0.2390  	-0.0495  	-0.0868  	0.40949  	-0.0267  	0.30824  	0.07044  	-0.6776  	0.15852  	0.02477  	0.13573  	0.33134  	-0.0098  	-0.6836  	-0.9911  	0.77932  	-0.0437  	0.30845  	-0.2841  	0.44418  	-0.1484  	-0.2185  	-0.5142  	0.19955  	-0.2179  	-0.0993  	-0.4855  	-0.0007  	-0.0328  	-0.1450  	-0.1729  	0.21329  	0.25678  	-0.0490  	0.08990  	0.25192  	0.05644  	-0.0106  	-0.1443  	0.24555  	0.04885  	0.01495  	0.03905  	-0.0191  	-0.0834  	-0.0453  	0.04093  	0.00284  	0.03773  	-0.0059  	0.01216  	0.01527  	-0.0038  	0.02120  	0.00244  	-0.0362  	0.03087  	0.00400  	-0.0309  	0.02569  	0.00311  	-0.0050  	0.03579  	-0.0039  	-0.0069  	-0.0242  	0.03589  	-0.0073  	0.02253  	-0.2797  	
-0.0826  	-0.0085  	0.01652  	0.53416  	0.00239  	0.36008  	0.13389  	-0.6454  	0.17210  	0.00640  	0.15972  	0.34672  	0.00362  	-0.5257  	-0.8531  	0.78595  	-0.0796  	0.29973  	-0.2881  	0.41882  	-0.0493  	-0.2084  	-0.5509  	0.25753  	-0.2264  	-0.1163  	-0.4435  	-0.0968  	-0.0846  	-0.1478  	-0.1781  	0.23267  	0.26304  	-0.0491  	0.17618  	0.22967  	0.11334  	-0.0150  	-0.1744  	0.24718  	0.02589  	0.03657  	0.01827  	-0.0288  	-0.0834  	-0.0418  	0.03865  	0.00317  	0.03631  	-0.0088  	0.00798  	0.01575  	-0.0016  	0.02055  	0.00307  	-0.0336  	0.02585  	0.00574  	-0.0258  	0.02725  	0.00340  	0.00381  	0.03416  	-0.0023  	-0.0069  	-0.0242  	0.03589  	-0.0073  	0.02253  	-0.2797  	
0.06051  	0.04708  	0.07823  	0.63728  	0.04798  	0.44999  	0.13934  	-0.5511  	0.21825  	-0.0089  	0.18248  	0.37718  	0.03842  	-0.4081  	-0.7941  	0.87006  	-0.0963  	0.28227  	-0.2874  	0.44626  	0.04237  	-0.2043  	-0.5686  	0.25371  	-0.2090  	-0.1304  	-0.4283  	-0.1554  	-0.1169  	-0.1471  	-0.1944  	0.23444  	0.29482  	-0.0571  	0.22172  	0.20161  	0.12406  	0.00418  	-0.1721  	0.23477  	0.01372  	0.02356  	0.02130  	-0.0310  	-0.0759  	-0.0449  	0.03826  	0.00369  	0.04385  	-0.0068  	0.01343  	0.01577  	-0.0005  	0.02721  	0.00579  	-0.0285  	0.02113  	0.00477  	-0.0348  	0.02896  	0.00450  	0.00577  	0.03590  	-0.0089  	-0.0069  	-0.0242  	0.03589  	-0.0073  	0.02253  	-0.2797  	
-0.1552  	0.02313  	0.00875  	0.40692  	-0.0351  	0.29560  	0.12594  	-0.6473  	0.18258  	0.10070  	0.19099  	0.31116  	0.01580  	-0.5140  	-0.9914  	0.79745  	-0.1132  	0.34907  	-0.2884  	0.45909  	-0.1312  	-0.2320  	-0.5749  	0.19519  	-0.1905  	-0.1221  	-0.4808  	-0.0230  	-0.0294  	-0.1486  	-0.1832  	0.21412  	0.28953  	-0.0528  	0.11658  	0.25491  	0.05767  	-0.0184  	-0.1490  	0.23485  	0.04519  	0.02999  	0.04107  	-0.0335  	-0.0835  	-0.0433  	0.04206  	0.00774  	0.04561  	-0.0130  	0.01103  	0.01464  	0.00332  	0.02370  	0.00711  	-0.0372  	0.02714  	0.00201  	-0.0276  	0.03068  	0.00736  	0.00501  	0.03408  	-0.0010  	-0.0069  	-0.0242  	0.03589  	-0.0073  	0.02253  	-0.2797  	
-0.1632  	-0.0010  	-0.0154  	0.42447  	-0.0114  	0.32704  	0.10921  	-0.6271  	0.15473  	0.02849  	0.20013  	0.26678  	0.00829  	-0.5687  	-1.0399  	0.79828  	-0.0901  	0.31345  	-0.2773  	0.47584  	-0.0633  	-0.2364  	-0.5480  	0.24445  	-0.2174  	-0.1274  	-0.4686  	-0.0682  	-0.0887  	-0.1526  	-0.1791  	0.21517  	0.28361  	-0.0471  	0.13770  	0.23187  	0.09424  	-0.0231  	-0.1641  	0.24708  	0.05103  	0.01701  	0.03142  	-0.0181  	-0.0831  	-0.0425  	0.04714  	0.00285  	0.04380  	-0.0135  	0.01115  	0.01094  	-0.0069  	0.02379  	0.00155  	-0.0323  	0.02665  	0.00419  	-0.0341  	0.02562  	0.00269  	0.00255  	0.02538  	-0.0052  	-0.0069  	-0.0242  	0.03589  	-0.0073  	0.02253  	-0.2797  	
-0.3145  	-0.0982  	-0.0772  	0.32089  	-0.0563  	0.22564  	0.11802  	-0.7128  	0.12218  	0.04539  	0.22045  	0.24918  	-0.0296  	-0.7427  	-1.1323  	0.76562  	-0.0832  	0.33570  	-0.2824  	0.49808  	-0.1566  	-0.2559  	-0.5553  	0.19707  	-0.1624  	-0.1200  	-0.4613  	0.00995  	-0.0021  	-0.1320  	-0.1903  	0.21870  	0.23306  	-0.0509  	0.09101  	0.30217  	0.06180  	-0.0151  	-0.1468  	0.23398  	0.06894  	0.01828  	0.02116  	-0.0168  	-0.0758  	-0.0449  	0.03923  	-0.0062  	0.03189  	-0.0156  	0.01820  	0.01707  	0.00321  	0.02280  	0.00647  	-0.0364  	0.03269  	0.00471  	-0.0295  	0.02933  	0.00642  	-0.0021  	0.02643  	-0.0039  	-0.0069  	-0.0242  	0.03589  	-0.0073  	0.02253  	-0.2797  	
-0.3341  	-0.0822  	-0.0781  	0.31665  	-0.0814  	0.25999  	0.11981  	-0.7149  	0.12880  	0.02991  	0.22865  	0.22086  	-0.0680  	-0.7218  	-1.0781  	0.77485  	-0.0555  	0.30878  	-0.2881  	0.45191  	-0.1430  	-0.2284  	-0.5358  	0.23413  	-0.1592  	-0.1144  	-0.4065  	-0.0055  	-0.0301  	-0.1437  	-0.1867  	0.23094  	0.22311  	-0.0596  	0.10425  	0.29281  	0.07251  	-0.0103  	-0.1612  	0.24596  	0.04863  	0.02915  	0.02399  	-0.0241  	-0.0704  	-0.0495  	0.03879  	-0.0090  	0.03674  	-0.0145  	0.01028  	0.01714  	-0.0028  	0.02880  	0.00986  	-0.0347  	0.03024  	0.00276  	-0.0258  	0.03255  	0.00148  	-0.0011  	0.02987  	-0.0034  	-0.0069  	-0.0242  	0.03589  	-0.0073  	0.02253  	-0.2797  	
-0.1927  	-0.0626  	-0.0323  	0.46019  	0.01938  	0.29273  	0.12530  	-0.7252  	0.13656  	0.05914  	0.14588  	0.33092  	-0.0567  	-0.7239  	-1.0508  	0.86402  	-0.0846  	0.32297  	-0.2875  	0.46458  	-0.2074  	-0.2444  	-0.5951  	0.23124  	-0.1578  	-0.1248  	-0.4496  	0.04226  	-0.0102  	-0.1354  	-0.1905  	0.23547  	0.22370  	-0.0455  	0.10370  	0.32058  	0.03380  	-0.0252  	-0.1615  	0.27158  	0.03939  	0.01397  	0.02122  	-0.0149  	-0.0835  	-0.0461  	0.03870  	0.00152  	0.04372  	-0.0152  	0.02222  	0.01441  	-0.0013  	0.02130  	0.01012  	-0.0380  	0.03747  	0.00332  	-0.0315  	0.02900  	0.00059  	-0.0059  	0.03692  	0.00091  	-0.0069  	-0.0242  	0.03589  	-0.0073  	0.02253  	-0.2797  	
-0.1180  	-0.0550  	0.01485  	0.55304  	0.10101  	0.28336  	0.15654  	-0.7178  	0.16030  	0.14559  	0.16579  	0.34719  	-0.0506  	-0.6884  	-1.0727  	0.94246  	-0.1404  	0.36110  	-0.2950  	0.51146  	-0.2371  	-0.2313  	-0.6818  	0.20587  	-0.1158  	-0.1382  	-0.4728  	0.05649  	0.02960  	-0.1188  	-0.2153  	0.23741  	0.22724  	-0.0408  	0.12391  	0.34579  	0.00473  	-0.0281  	-0.1394  	0.27942  	0.03032  	0.03733  	0.02786  	-0.0225  	-0.0879  	-0.0444  	0.03720  	0.01592  	0.04972  	-0.0165  	0.02485  	0.01469  	-0.0007  	0.02206  	0.01111  	-0.0360  	0.03954  	0.00709  	-0.0284  	0.03163  	-0.0028  	-0.0113  	0.03695  	-0.0019  	-0.0069  	-0.0242  	0.03589  	-0.0073  	0.02253  	-0.2797  	
-0.1063  	-0.0656  	-0.0054  	0.50474  	0.09477  	0.31782  	0.15711  	-0.7401  	0.16057  	0.11950  	0.13589  	0.29897  	-0.0342  	-0.7214  	-1.0892  	0.94009  	-0.1256  	0.35797  	-0.2723  	0.49119  	-0.2403  	-0.2520  	-0.6831  	0.20753  	-0.0847  	-0.1484  	-0.4292  	0.06371  	0.04354  	-0.0878  	-0.2125  	0.25098  	0.20700  	-0.0381  	0.12014  	0.37111  	0.02461  	-0.0247  	-0.1458  	0.27405  	0.01615  	0.03439  	0.02400  	-0.0122  	-0.0833  	-0.0432  	0.03235  	0.01028  	0.05322  	-0.0231  	0.02844  	0.01395  	0.00182  	0.02629  	0.01129  	-0.0346  	0.03654  	0.00530  	-0.0228  	0.03146  	-0.0034  	-0.0139  	0.03748  	-0.0029  	-0.0069  	-0.0242  	0.03589  	-0.0073  	0.02253  	-0.2797  	
-0.1560  	-0.0624  	-0.0394  	0.46320  	0.04731  	0.33118  	0.14105  	-0.7450  	0.14353  	0.05708  	0.12587  	0.25149  	-0.0483  	-0.7250  	-1.0519  	0.86716  	-0.0991  	0.35025  	-0.2746  	0.47545  	-0.2011  	-0.2415  	-0.6276  	0.22407  	-0.0988  	-0.1389  	-0.4230  	0.04497  	0.01016  	-0.0933  	-0.2051  	0.25825  	0.21618  	-0.0459  	0.12638  	0.35225  	0.04026  	-0.0233  	-0.1607  	0.26076  	0.02536  	0.02900  	0.01753  	-0.0160  	-0.0860  	-0.0438  	0.03470  	-0.0050  	0.04203  	-0.0167  	0.02427  	0.01377  	0.00288  	0.02631  	0.00953  	-0.0379  	0.03933  	0.00679  	-0.0241  	0.02807  	-0.0028  	-0.0125  	0.03580  	-0.0046  	-0.0069  	-0.0242  	0.03589  	-0.0073  	0.02253  	-0.2797  	
-0.2320  	-0.0732  	-0.0796  	0.51735  	0.06867  	0.29753  	0.12919  	-0.7410  	0.12109  	0.04201  	0.08562  	0.29528  	-0.0454  	-0.6541  	-1.0295  	0.79994  	-0.0894  	0.33190  	-0.2807  	0.46705  	-0.1922  	-0.2360  	-0.6097  	0.26050  	-0.1028  	-0.1470  	-0.3942  	0.04056  	0.01009  	-0.0961  	-0.2265  	0.24600  	0.20757  	-0.0541  	0.12762  	0.35183  	0.03014  	-0.0249  	-0.1563  	0.27471  	0.00855  	0.03983  	0.01810  	-0.0268  	-0.0812  	-0.0488  	0.03139  	-0.0016  	0.04201  	-0.0233  	0.02148  	0.01492  	0.00053  	0.02601  	0.01128  	-0.0329  	0.04308  	0.00288  	-0.0228  	0.02699  	-0.0020  	-0.0093  	0.03615  	-0.0007  	-0.0069  	-0.0242  	0.03589  	-0.0073  	0.02253  	-0.2797  	
-0.2637  	-0.0665  	-0.1174  	0.53467  	0.08959  	0.30024  	0.09286  	-0.7084  	0.13676  	-0.0254  	0.11503  	0.30764  	-0.0420  	-0.6580  	-0.9383  	0.74825  	-0.0765  	0.31773  	-0.2851  	0.46081  	-0.1126  	-0.2199  	-0.5548  	0.25316  	-0.1473  	-0.1304  	-0.4211  	0.00572  	-0.0076  	-0.1158  	-0.2092  	0.23513  	0.22238  	-0.0460  	0.14815  	0.28579  	0.06186  	-0.0277  	-0.1590  	0.23266  	0.00915  	0.03822  	0.00450  	-0.0355  	-0.0685  	-0.0439  	0.03675  	-0.0110  	0.03814  	-0.0193  	0.01755  	0.01521  	0.00065  	0.01993  	0.00398  	-0.0347  	0.03948  	0.00956  	-0.0243  	0.02627  	0.00032  	-0.0085  	0.03482  	-0.0024  	-0.0069  	-0.0242  	0.03589  	-0.0073  	0.02253  	-0.2797  	
-0.1240  	0.00101  	-0.0113  	0.65216  	0.10544  	0.37558  	0.07770  	-0.6106  	0.18240  	-0.0229  	0.10745  	0.39513  	-0.0157  	-0.4913  	-0.7667  	0.77136  	-0.0645  	0.28184  	-0.3118  	0.43567  	-0.0520  	-0.2252  	-0.5458  	0.27044  	-0.2362  	-0.1193  	-0.4336  	-0.0592  	-0.0679  	-0.1321  	-0.2104  	0.22695  	0.26280  	-0.0455  	0.19548  	0.18772  	0.09950  	-0.0159  	-0.1707  	0.23032  	0.00137  	0.02099  	0.01729  	-0.0280  	-0.0815  	-0.0450  	0.04476  	-0.0022  	0.04140  	-0.0109  	0.01164  	0.01453  	-0.0034  	0.02397  	0.00326  	-0.0352  	0.02645  	-0.0003  	-0.0298  	0.03227  	0.00404  	-0.0040  	0.02729  	-0.0057  	-0.0069  	-0.0242  	0.03589  	-0.0073  	0.02253  	-0.2797  	
0.00403  	0.06151  	0.08688  	0.63246  	0.06300  	0.42945  	0.09235  	-0.5644  	0.20209  	-0.0117  	0.12903  	0.37811  	0.01533  	-0.4474  	-0.7590  	0.81863  	-0.0710  	0.24993  	-0.2964  	0.42809  	0.04410  	-0.2267  	-0.5427  	0.27546  	-0.2428  	-0.1299  	-0.3991  	-0.1443  	-0.1573  	-0.1424  	-0.1951  	0.23340  	0.28043  	-0.0516  	0.20853  	0.16193  	0.15704  	0.00679  	-0.1902  	0.21894  	0.00503  	0.02574  	0.01834  	-0.0254  	-0.0762  	-0.0425  	0.03676  	-0.0035  	0.04130  	-0.0164  	0.00652  	0.01279  	-0.0010  	0.02247  	0.00064  	-0.0302  	0.02892  	0.00188  	-0.0321  	0.02652  	0.00402  	0.00722  	0.03291  	-0.0050  	-0.0069  	-0.0242  	0.03589  	-0.0073  	0.02253  	-0.2797  	
0.05437  	0.07069  	0.10400  	0.62206  	0.04724  	0.44976  	0.08649  	-0.5429  	0.22130  	-0.0345  	0.18160  	0.35264  	0.01164  	-0.4409  	-0.7273  	0.84825  	-0.0755  	0.21731  	-0.2986  	0.40562  	0.11456  	-0.2127  	-0.5135  	0.30398  	-0.2416  	-0.1341  	-0.3627  	-0.2261  	-0.2198  	-0.1479  	-0.1939  	0.24810  	0.28197  	-0.0553  	0.24945  	0.13876  	0.21638  	0.02202  	-0.2105  	0.20254  	-0.0128  	0.03338  	0.00369  	-0.0255  	-0.0784  	-0.0427  	0.03790  	-0.0053  	0.04150  	-0.0133  	0.00264  	0.01447  	8.80025  	0.02850  	0.00218  	-0.0244  	0.02628  	0.00493  	-0.0311  	0.02865  	0.00873  	0.00776  	0.03281  	-0.0046  	-0.0069  	-0.0242  	0.03589  	-0.0073  	0.02253  	-0.2797  	
0.11495  	0.08167  	0.15441  	0.60736  	0.01089  	0.48612  	0.09628  	-0.5078  	0.24017  	-0.0592  	0.19977  	0.33167  	0.01409  	-0.4183  	-0.7419  	0.88178  	-0.0780  	0.20691  	-0.2805  	0.37664  	0.16648  	-0.2032  	-0.4869  	0.33063  	-0.2310  	-0.1517  	-0.3291  	-0.3029  	-0.2648  	-0.1536  	-0.1950  	0.26164  	0.27739  	-0.0603  	0.28075  	0.13624  	0.26721  	0.04782  	-0.2322  	0.18426  	-0.0236  	0.02864  	0.00865  	-0.0258  	-0.0777  	-0.0442  	0.03456  	0.00180  	0.04336  	-0.0089  	0.00316  	0.01565  	0.00184  	0.02780  	0.00330  	-0.0207  	0.02727  	0.00544  	-0.0309  	0.03222  	0.00949  	0.00194  	0.02927  	-0.0046  	-0.0069  	-0.0242  	0.03589  	-0.0073  	0.02253  	-0.2797  	
0.12888  	0.09774  	0.16715  	0.58736  	-0.0121  	0.49588  	0.10570  	-0.4942  	0.23766  	-0.0645  	0.22601  	0.33298  	0.01462  	-0.4056  	-0.7544  	0.88656  	-0.0776  	0.20534  	-0.2623  	0.36088  	0.17724  	-0.2033  	-0.4752  	0.34005  	-0.2300  	-0.1534  	-0.3088  	-0.3197  	-0.2831  	-0.1567  	-0.2035  	0.26457  	0.27486  	-0.0621  	0.29391  	0.13745  	0.27510  	0.05227  	-0.2325  	0.17619  	-0.0391  	0.03093  	0.01378  	-0.0238  	-0.0762  	-0.0438  	0.03356  	0.00588  	0.04543  	-0.0071  	0.00365  	0.01657  	0.00125  	0.02801  	0.00464  	-0.0219  	0.02554  	0.00531  	-0.0344  	0.03077  	0.00735  	0.00122  	0.03028  	-0.0042  	-0.0069  	-0.0242  	0.03589  	-0.0073  	0.02253  	-0.2797  	
0.13433  	0.09977  	0.17260  	0.57500  	-0.0304  	0.49849  	0.11343  	-0.4824  	0.24695  	-0.0742  	0.27001  	0.34904  	0.00262  	-0.4025  	-0.7647  	0.90091  	-0.0660  	0.19746  	-0.2618  	0.34664  	0.20021  	-0.2025  	-0.4566  	0.34900  	-0.2410  	-0.1529  	-0.2899  	-0.3464  	-0.3167  	-0.1571  	-0.2029  	0.27119  	0.27827  	-0.0645  	0.29944  	0.12518  	0.29818  	0.06274  	-0.2467  	0.16750  	-0.0400  	0.02945  	0.01774  	-0.0271  	-0.0796  	-0.0420  	0.03457  	0.00864  	0.04695  	-0.0071  	-8.5412  	0.01759  	0.00040  	0.02921  	0.00271  	-0.0215  	0.02265  	0.00510  	-0.0374  	0.03144  	0.00667  	0.00100  	0.03065  	-0.0056  	-0.0069  	-0.0242  	0.03589  	-0.0073  	0.02253  	-0.2797  	
0.13949  	0.09758  	0.17741  	0.56518  	-0.0310  	0.49111  	0.11117  	-0.4822  	0.25322  	-0.0570  	0.29279  	0.36124  	0.00436  	-0.3986  	-0.7992  	0.91533  	-0.0659  	0.19284  	-0.2720  	0.33357  	0.19156  	-0.2087  	-0.4515  	0.35316  	-0.2618  	-0.1502  	-0.2928  	-0.3457  	-0.3281  	-0.1541  	-0.1993  	0.27424  	0.28264  	-0.0645  	0.29943  	0.12125  	0.30320  	0.06379  	-0.2492  	0.16485  	-0.0344  	0.03056  	0.01806  	-0.0294  	-0.0833  	-0.0424  	0.03458  	0.00588  	0.04843  	-0.0090  	0.00024  	0.01870  	0.00172  	0.03206  	0.00276  	-0.0218  	0.01907  	0.00491  	-0.0349  	0.03391  	0.00816  	0.00332  	0.03169  	-0.0052  	-0.0069  	-0.0242  	0.03589  	-0.0073  	0.02253  	-0.2797  	
0.14161  	0.10994  	0.20967  	0.58273  	-0.0239  	0.46885  	0.08347  	-0.4342  	0.23629  	-0.0777  	0.30580  	0.37534  	0.04349  	-0.4408  	-0.7507  	0.86646  	0.00915  	0.05869  	-0.2140  	0.12129  	0.24873  	-0.3925  	-0.6555  	0.35521  	-0.3172  	-0.0687  	-0.2957  	-0.4205  	-0.2631  	-0.1704  	-0.1051  	0.23479  	0.20641  	-0.1967  	0.24702  	0.09849  	0.23248  	0.06225  	-0.3428  	0.09711  	0.02603  	0.13647  	-0.0765  	0.03410  	-0.1309  	-0.0259  	0.01530  	0.02104  	0.03586  	-0.0187  	0.00527  	0.02267  	0.00275  	0.04548  	0.00781  	-0.0230  	0.01707  	-0.0042  	-0.0344  	0.04088  	0.01191  	0.00072  	0.01858  	-0.0047  	-0.0069  	-0.0242  	0.03589  	-0.0073  	0.02253  	-0.2797  	
0.14344  	0.12010  	0.23573  	0.59650  	-0.0187  	0.45100  	0.06131  	-0.3956  	0.22290  	-0.0947  	0.31622  	0.38669  	0.07488  	-0.4743  	-0.7120  	0.82746  	0.06903  	-0.0486  	-0.1675  	-0.0488  	0.29509  	-0.5392  	-0.8186  	0.35687  	-0.3614  	-0.0035  	-0.2978  	-0.4807  	-0.2113  	-0.1835  	-0.0296  	0.20324  	0.14546  	-0.3024  	0.20520  	0.08021  	0.17619  	0.06104  	-0.4178  	0.04292  	0.07454  	0.22123  	-0.1522  	0.08498  	-0.1690  	-0.0128  	-0.0001  	0.03319  	0.02582  	-0.0264  	0.00925  	0.02580  	0.00359  	0.05625  	0.01182  	-0.0239  	0.01543  	-0.0115  	-0.0340  	0.04651  	0.01493  	-0.0013  	0.00811  	-0.0044  	-0.0069  	-0.0242  	0.03589  	-0.0073  	0.02253  	-0.2797  	
0.14389  	0.12264  	0.24224  	0.59994  	-0.0175  	0.44654  	0.05577  	-0.3859  	0.21956  	-0.0989  	0.31883  	0.38953  	0.08272  	-0.4827  	-0.7023  	0.81771  	0.08400  	-0.0755  	-0.1559  	-0.0914  	0.30668  	-0.5759  	-0.8594  	0.35729  	-0.3725  	0.01274  	-0.2983  	-0.4958  	-0.1984  	-0.1868  	-0.0107  	0.19535  	0.13022  	-0.3288  	0.19475  	0.07563  	0.16212  	0.06074  	-0.4365  	0.02938  	0.08667  	0.24242  	-0.1711  	0.09769  	-0.1785  	-0.0095  	-0.0039  	0.03623  	0.02331  	-0.0283  	0.01025  	0.02659  	0.00380  	0.05895  	0.01283  	-0.0242  	0.01502  	-0.0133  	-0.0339  	0.04792  	0.01568  	-0.0018  	0.00549  	-0.0043  	-0.0069  	-0.0242  	0.03589  	-0.0073  	0.02253  	-0.2797  	
0.14344  	0.12010  	0.23573  	0.59650  	-0.0187  	0.45100  	0.06131  	-0.3956  	0.22290  	-0.0947  	0.31622  	0.38669  	0.07488  	-0.4743  	-0.7120  	0.82746  	0.06903  	-0.0486  	-0.1675  	-0.0488  	0.29509  	-0.5392  	-0.8186  	0.35687  	-0.3614  	-0.0035  	-0.2978  	-0.4807  	-0.2113  	-0.1835  	-0.0296  	0.20324  	0.14546  	-0.3024  	0.20520  	0.08021  	0.17619  	0.06104  	-0.4178  	0.04292  	0.07454  	0.22123  	-0.1522  	0.08498  	-0.1690  	-0.0128  	-0.0001  	0.03319  	0.02582  	-0.0264  	0.00925  	0.02580  	0.00359  	0.05625  	0.01182  	-0.0239  	0.01543  	-0.0115  	-0.0340  	0.04651  	0.01493  	-0.0013  	0.00811  	-0.0044  	-0.0069  	-0.0242  	0.03589  	-0.0073  	0.02253  	-0.2797  	
0.10067  	0.10315  	0.19155  	0.56267  	0.01051  	0.41567  	0.08228  	-0.4854  	0.20889  	-0.0452  	0.30260  	0.37640  	0.04737  	-0.4829  	-0.8396  	0.85941  	-0.0150  	0.10240  	-0.2352  	0.17161  	0.19987  	-0.4292  	-0.7208  	0.31778  	-0.3085  	-0.0655  	-0.3455  	-0.3309  	-0.2019  	-0.1793  	-0.1077  	0.21822  	0.21418  	-0.1931  	0.23474  	0.13708  	0.17466  	0.03539  	-0.3252  	0.11145  	0.04241  	0.14636  	-0.0816  	0.02915  	-0.1339  	-0.0269  	0.01881  	0.01902  	0.03171  	-0.0168  	0.01376  	0.02114  	0.00494  	0.04328  	0.00984  	-0.0236  	0.02243  	-0.0061  	-0.0338  	0.03658  	0.01151  	-0.0033  	0.02019  	-0.0038  	-0.0069  	-0.0242  	0.03589  	-0.0073  	0.02253  	-0.2797  	
-0.0411  	0.00061  	0.05682  	0.51158  	0.03375  	0.38419  	0.11275  	-0.6562  	0.17581  	0.08987  	0.26010  	0.31027  	-0.0395  	-0.6066  	-1.0335  	0.91691  	-0.1091  	0.32199  	-0.2819  	0.47246  	-0.0639  	-0.2428  	-0.6070  	0.24722  	-0.2167  	-0.1408  	-0.4489  	-0.0668  	-0.1186  	-0.1433  	-0.2087  	0.24722  	0.26921  	-0.0593  	0.21276  	0.26864  	0.11631  	-0.0128  	-0.1897  	0.22988  	-0.0023  	0.04241  	0.01443  	-0.0295  	-0.0777  	-0.0452  	0.03957  	0.00406  	0.04660  	-0.0110  	0.02687  	0.01518  	-0.0006  	0.02060  	0.00794  	-0.0316  	0.03352  	0.00411  	-0.0320  	0.03041  	0.00283  	-0.0100  	0.03493  	0.00010  	-0.0069  	-0.0242  	0.03589  	-0.0073  	0.02253  	-0.2797  	
-0.0676  	-0.0378  	0.03495  	0.51740  	0.03293  	0.35182  	0.12652  	-0.6757  	0.15785  	0.10847  	0.21446  	0.28385  	-0.0384  	-0.6805  	-1.0730  	0.93697  	-0.1280  	0.34155  	-0.2719  	0.49266  	-0.1342  	-0.2443  	-0.6478  	0.23243  	-0.1470  	-0.1434  	-0.4087  	-0.0087  	-0.0690  	-0.1209  	-0.2093  	0.25333  	0.24249  	-0.0556  	0.18760  	0.30392  	0.07905  	-0.0117  	-0.1744  	0.23824  	0.01036  	0.04168  	0.01984  	-0.0182  	-0.0752  	-0.0485  	0.03567  	0.00468  	0.04746  	-0.0139  	0.02678  	0.01307  	0.00225  	0.01923  	0.01028  	-0.0357  	0.03926  	0.00537  	-0.0297  	0.03049  	0.00094  	-0.0118  	0.03719  	0.00049  	-0.0069  	-0.0242  	0.03589  	-0.0073  	0.02253  	-0.2797  	
-0.0179  	-0.0385  	0.03578  	0.59970  	0.06631  	0.40573  	0.12037  	-0.6734  	0.13888  	0.08424  	0.20239  	0.34517  	-0.0354  	-0.6551  	-1.0403  	0.95532  	-0.1114  	0.31321  	-0.2465  	0.48689  	-0.0820  	-0.2343  	-0.6551  	0.29441  	-0.1251  	-0.1582  	-0.3460  	-0.0181  	-0.0976  	-0.1195  	-0.2345  	0.27215  	0.23592  	-0.0830  	0.18991  	0.31205  	0.10714  	-0.0118  	-0.1891  	0.23687  	-0.0051  	0.04841  	0.01566  	-0.0137  	-0.0694  	-0.0535  	0.03002  	0.01347  	0.05705  	-0.0176  	0.02884  	0.01411  	0.00190  	0.02158  	0.00774  	-0.0314  	0.04230  	0.00134  	-0.0296  	0.03379  	-0.0008  	-0.0118  	0.03541  	-0.0052  	-0.0069  	-0.0242  	0.03589  	-0.0073  	0.02253  	-0.2797  	
0.11039  	0.02536  	0.09535  	0.74400  	0.15507  	0.48590  	0.13628  	-0.5782  	0.18533  	0.03857  	0.07183  	0.40338  	0.05151  	-0.4517  	-0.8888  	0.91992  	-0.1317  	0.27487  	-0.2559  	0.44567  	-0.0677  	-0.1853  	-0.6400  	0.24863  	-0.0657  	-0.1850  	-0.3487  	-0.1057  	-0.0370  	-0.0619  	-0.2432  	0.23919  	0.22903  	-0.0573  	0.19466  	0.25378  	0.10588  	-0.0163  	-0.1358  	0.23668  	-0.0242  	0.04065  	0.03331  	-0.0248  	-0.0821  	-0.0489  	0.02243  	0.02169  	0.05899  	-0.0297  	0.02499  	0.01180  	0.00281  	0.02031  	0.00566  	-0.0205  	0.03648  	-0.0002  	-0.0294  	0.03359  	-0.0009  	-0.0159  	0.03402  	-0.0056  	-0.0069  	-0.0242  	0.03589  	-0.0073  	0.02253  	-0.2797  	
0.05738  	0.00965  	0.06457  	0.81650  	0.20833  	0.46508  	0.12834  	-0.6076  	0.19291  	0.01356  	0.04163  	0.41553  	0.05850  	-0.4304  	-0.8281  	0.91863  	-0.0917  	0.29491  	-0.2774  	0.43509  	-0.0552  	-0.1955  	-0.6407  	0.28584  	-0.1175  	-0.1718  	-0.3679  	-0.1184  	-0.0952  	-0.0905  	-0.2375  	0.24151  	0.25356  	-0.0561  	0.20128  	0.21308  	0.13003  	-0.0038  	-0.1514  	0.26619  	-0.0280  	0.03189  	0.02603  	-0.0171  	-0.0838  	-0.0469  	0.03425  	0.01719  	0.06113  	-0.0186  	0.01072  	0.01434  	-0.0032  	0.03305  	0.00985  	-0.0315  	0.02905  	-0.0016  	-0.0266  	0.03733  	-0.0007  	-0.0108  	0.03532  	-0.0063  	-0.0069  	-0.0242  	0.03589  	-0.0073  	0.02253  	-0.2797  	
-0.2224  	-0.0314  	-0.0729  	0.43306  	0.05738  	0.28279  	0.12243  	-0.7023  	0.13765  	0.06233  	0.21535  	0.30613  	-0.0478  	-0.6642  	-0.9654  	0.82153  	-0.1090  	0.33743  	-0.2732  	0.47739  	-0.0576  	-0.2299  	-0.5721  	0.28122  	-0.1568  	-0.1392  	-0.4131  	-0.0798  	-0.0628  	-0.1351  	-0.2139  	0.23939  	0.24239  	-0.0586  	0.16247  	0.27476  	0.10587  	-0.0089  	-0.1733  	0.26446  	0.00923  	0.02846  	0.00865  	-0.0187  	-0.0693  	-0.0435  	0.03580  	-0.0084  	0.04310  	-0.0200  	0.01613  	0.01444  	0.00328  	0.02846  	0.00703  	-0.0352  	0.03174  	0.00335  	-0.0236  	0.03350  	-0.0004  	-0.0064  	0.03003  	-0.0039  	-0.0069  	-0.0242  	0.03589  	-0.0073  	0.02253  	-0.2797  	
-0.3136  	-0.0744  	-0.0682  	0.34540  	-0.0465  	0.30235  	0.10492  	-0.7107  	0.12309  	0.02337  	0.21069  	0.25754  	-0.0756  	-0.7587  	-1.0853  	0.79634  	-0.0815  	0.33842  	-0.2719  	0.46361  	-0.1085  	-0.2237  	-0.5089  	0.22846  	-0.1870  	-0.1183  	-0.4411  	-0.0297  	-0.0197  	-0.1491  	-0.2026  	0.22506  	0.22790  	-0.0547  	0.09576  	0.28858  	0.07948  	-0.0058  	-0.1598  	0.25072  	0.05652  	0.02759  	0.01775  	-0.0191  	-0.0717  	-0.0457  	0.03880  	-0.0092  	0.03279  	-0.0173  	0.01296  	0.01627  	0.00204  	0.02502  	0.00336  	-0.0353  	0.03530  	0.00206  	-0.0270  	0.03122  	0.00623  	-0.0058  	0.03070  	-0.0016  	-0.0069  	-0.0242  	0.03589  	-0.0073  	0.02253  	-0.2797  	
-0.3269  	-0.0794  	-0.0718  	0.40621  	-0.0472  	0.28069  	0.09670  	-0.7107  	0.14628  	0.04934  	0.16478  	0.29103  	-0.0504  	-0.7153  	-1.0409  	0.76580  	-0.0793  	0.31492  	-0.2881  	0.44225  	-0.1536  	-0.2143  	-0.5087  	0.19205  	-0.2214  	-0.1030  	-0.4757  	-0.0322  	-0.0027  	-0.1418  	-0.1722  	0.22485  	0.23199  	-0.0461  	0.07359  	0.27548  	0.05788  	-0.0030  	-0.1596  	0.24261  	0.06257  	0.02374  	0.03589  	-0.0122  	-0.0761  	-0.0495  	0.03756  	-0.0039  	0.03624  	-0.0131  	0.00248  	0.01588  	-0.0007  	0.02611  	0.00805  	-0.0407  	0.03139  	0.00364  	-0.0291  	0.02618  	0.00397  	0.00067  	0.03608  	-0.0016  	-0.0069  	-0.0242  	0.03589  	-0.0073  	0.02253  	-0.2797  	
-0.1534  	0.01792  	0.02948  	0.48452  	-0.0278  	0.34220  	0.09981  	-0.6012  	0.18612  	0.02330  	0.21648  	0.32608  	0.00011  	-0.5595  	-0.9331  	0.83219  	-0.0939  	0.28128  	-0.2844  	0.45136  	-0.0199  	-0.2198  	-0.5235  	0.21267  	-0.2564  	-0.1138  	-0.4738  	-0.1148  	-0.0956  	-0.1579  	-0.1635  	0.21314  	0.28095  	-0.0375  	0.15426  	0.21033  	0.12798  	0.01093  	-0.1838  	0.20637  	0.05524  	0.02547  	0.02771  	-0.0243  	-0.0763  	-0.0413  	0.04465  	-0.0052  	0.03411  	-0.0105  	-0.0033  	0.01424  	0.00350  	0.02577  	0.00616  	-0.0389  	0.02459  	0.00518  	-0.0332  	0.02447  	0.00601  	0.00786  	0.03547  	-0.0022  	-0.0069  	-0.0242  	0.03589  	-0.0073  	0.02253  	-0.2797  	
-0.0016  	0.08019  	0.11619  	0.53609  	-0.0073  	0.41238  	0.10819  	-0.5420  	0.21808  	-0.0145  	0.25442  	0.33368  	0.00245  	-0.4711  	-0.8737  	0.86672  	-0.0904  	0.25439  	-0.2923  	0.41166  	0.09431  	-0.2205  	-0.5156  	0.24881  	-0.2620  	-0.1345  	-0.4204  	-0.2062  	-0.1881  	-0.1643  	-0.1867  	0.23629  	0.28982  	-0.0529  	0.21983  	0.16546  	0.19659  	0.03761  	-0.2118  	0.19770  	0.02318  	0.01765  	0.02259  	-0.0289  	-0.0845  	-0.0429  	0.04359  	0.00145  	0.03846  	-0.0038  	0.00613  	0.01432  	0.00306  	0.02611  	0.00392  	-0.0292  	0.02201  	0.00668  	-0.0335  	0.02609  	0.00627  	0.00658  	0.03382  	-0.0054  	-0.0069  	-0.0242  	0.03589  	-0.0073  	0.02253  	-0.2797  	
0.07948  	0.09621  	0.15678  	0.53946  	-0.0333  	0.45296  	0.10911  	-0.5128  	0.23032  	-0.0358  	0.28652  	0.32587  	-0.0018  	-0.4346  	-0.8594  	0.89542  	-0.0863  	0.21748  	-0.2808  	0.37307  	0.15025  	-0.2249  	-0.4941  	0.31638  	-0.2606  	-0.1454  	-0.3469  	-0.2985  	-0.2813  	-0.1612  	-0.1946  	0.26689  	0.28346  	-0.0597  	0.27078  	0.13913  	0.26010  	0.05438  	-0.2401  	0.17237  	-0.0019  	0.02383  	0.02174  	-0.0275  	-0.0853  	-0.0449  	0.03924  	-0.0003  	0.04493  	-0.0066  	0.00208  	0.01642  	0.00305  	0.03157  	0.00250  	-0.0270  	0.02351  	0.00296  	-0.0355  	0.03019  	0.00741  	0.00327  	0.03209  	-0.0074  	-0.0069  	-0.0242  	0.03589  	-0.0073  	0.02253  	-0.2797  	
0.11433  	0.10483  	0.17253  	0.55603  	-0.0448  	0.48772  	0.11302  	-0.4852  	0.25034  	-0.0526  	0.30341  	0.34443  	-0.0002  	-0.4078  	-0.8148  	0.91274  	-0.0771  	0.19298  	-0.2669  	0.33725  	0.19540  	-0.2087  	-0.4692  	0.34669  	-0.2602  	-0.1513  	-0.3056  	-0.3461  	-0.3254  	-0.1618  	-0.1943  	0.27931  	0.28664  	-0.0648  	0.29023  	0.12846  	0.30232  	0.06148  	-0.2515  	0.16662  	-0.0166  	0.02603  	0.02254  	-0.0289  	-0.0828  	-0.0425  	0.03521  	0.00300  	0.04664  	-0.0056  	-0.0013  	0.01647  	0.00280  	0.03357  	0.00244  	-0.0245  	0.02012  	0.00456  	-0.0338  	0.03424  	0.00779  	0.00353  	0.03192  	-0.0079  	-0.0069  	-0.0242  	0.03589  	-0.0073  	0.02253  	-0.2797  	
0.13917  	0.10114  	0.17727  	0.56187  	-0.0361  	0.48653  	0.11097  	-0.4838  	0.25448  	-0.0604  	0.29304  	0.36217  	0.00389  	-0.3954  	-0.7965  	0.91437  	-0.0679  	0.19235  	-0.2719  	0.33152  	0.19568  	-0.2045  	-0.4507  	0.35300  	-0.2613  	-0.1494  	-0.2933  	-0.3469  	-0.3284  	-0.1544  	-0.1978  	0.27327  	0.28358  	-0.0642  	0.30129  	0.11970  	0.30491  	0.06251  	-0.2511  	0.16519  	-0.0315  	0.03069  	0.01796  	-0.0299  	-0.0837  	-0.0432  	0.03502  	0.00582  	0.04852  	-0.0082  	-3.9286  	0.01858  	0.00166  	0.03245  	0.00229  	-0.0213  	0.01846  	0.00487  	-0.0347  	0.03447  	0.00836  	0.00392  	0.03137  	-0.0055  	-0.0069  	-0.0242  	0.03589  	-0.0073  	0.02253  	-0.2797  	
