0.13932  	0.09724  	0.17709  	0.56552  	-0.0303  	0.49116  	0.11117  	-0.4824  	0.25303  	-0.0565  	0.29278  	0.36116  	0.00425  	-0.3990  	-0.7991  	0.91521  	-0.0657  	0.19290  	-0.2722  	0.33400  	0.19078  	-0.2090  	-0.4516  	0.35313  	-0.2618  	-0.1502  	-0.2931  	-0.3452  	-0.3278  	-0.1541  	-0.1994  	0.27423  	0.28261  	-0.0645  	0.29929  	0.12135  	0.30283  	0.06377  	-0.2490  	0.16484  	-0.0345  	0.03053  	0.01804  	-0.0294  	-0.0833  	-0.0424  	0.03456  	0.00585  	0.04840  	-0.0091  	0.00028  	0.01875  	0.00170  	0.03200  	0.00279  	-0.0219  	0.01912  	0.00490  	-0.0349  	0.03383  	0.00814  	0.00330  	0.03167  	-0.0051  	-0.0069  	-0.0242  	0.03589  	-0.0073  	0.02253  	-0.2797  	
0.13932  	0.09724  	0.17709  	0.56552  	-0.0303  	0.49116  	0.11117  	-0.4824  	0.25303  	-0.0565  	0.29278  	0.36116  	0.00425  	-0.3990  	-0.7991  	0.91521  	-0.0657  	0.19290  	-0.2722  	0.33400  	0.19078  	-0.2090  	-0.4516  	0.35313  	-0.2618  	-0.1502  	-0.2931  	-0.3452  	-0.3278  	-0.1541  	-0.1994  	0.27423  	0.28261  	-0.0645  	0.29929  	0.12135  	0.30283  	0.06377  	-0.2490  	0.16484  	-0.0345  	0.03053  	0.01804  	-0.0294  	-0.0833  	-0.0424  	0.03456  	0.00585  	0.04840  	-0.0091  	0.00028  	0.01875  	0.00170  	0.03200  	0.00279  	-0.0219  	0.01912  	0.00490  	-0.0349  	0.03383  	0.00814  	0.00330  	0.03167  	-0.0051  	-0.0069  	-0.0242  	0.03589  	-0.0073  	0.02253  	-0.2797  	
0.13932  	0.09724  	0.17709  	0.56552  	-0.0303  	0.49116  	0.11117  	-0.4824  	0.25303  	-0.0565  	0.29278  	0.36116  	0.00425  	-0.3990  	-0.7991  	0.91521  	-0.0657  	0.19290  	-0.2722  	0.33400  	0.19078  	-0.2090  	-0.4516  	0.35313  	-0.2618  	-0.1502  	-0.2931  	-0.3452  	-0.3278  	-0.1541  	-0.1994  	0.27423  	0.28261  	-0.0645  	0.29929  	0.12135  	0.30283  	0.06377  	-0.2490  	0.16484  	-0.0345  	0.03053  	0.01804  	-0.0294  	-0.0833  	-0.0424  	0.03456  	0.00585  	0.04840  	-0.0091  	0.00028  	0.01875  	0.00170  	0.03200  	0.00279  	-0.0219  	0.01912  	0.00490  	-0.0349  	0.03383  	0.00814  	0.00330  	0.03167  	-0.0051  	-0.0069  	-0.0242  	0.03589  	-0.0073  	0.02253  	-0.2797  	
0.13932  	0.09724  	0.17709  	0.56552  	-0.0303  	0.49116  	0.11117  	-0.4824  	0.25303  	-0.0565  	0.29278  	0.36116  	0.00425  	-0.3990  	-0.7991  	0.91521  	-0.0657  	0.19290  	-0.2722  	0.33400  	0.19078  	-0.2090  	-0.4516  	0.35313  	-0.2618  	-0.1502  	-0.2931  	-0.3452  	-0.3278  	-0.1541  	-0.1994  	0.27423  	0.28261  	-0.0645  	0.29929  	0.12135  	0.30283  	0.06377  	-0.2490  	0.16484  	-0.0345  	0.03053  	0.01804  	-0.0294  	-0.0833  	-0.0424  	0.03456  	0.00585  	0.04840  	-0.0091  	0.00028  	0.01875  	0.00170  	0.03200  	0.00279  	-0.0219  	0.01912  	0.00490  	-0.0349  	0.03383  	0.00814  	0.00330  	0.03167  	-0.0051  	-0.0069  	-0.0242  	0.03589  	-0.0073  	0.02253  	-0.2797  	
0.03462  	0.04513  	0.03315  	0.62262  	0.10298  	0.39544  	0.10428  	-0.5858  	0.21538  	-0.0056  	0.18114  	0.39979  	0.04509  	-0.4639  	-0.8775  	0.88220  	-0.1053  	0.29335  	-0.3109  	0.52940  	0.00272  	-0.2619  	-0.6413  	0.23081  	-0.2159  	-0.1296  	-0.4841  	-0.0158  	-0.1119  	-0.1530  	-0.2041  	0.22330  	0.29363  	-0.0515  	0.20395  	0.19978  	0.10699  	-0.0245  	-0.1620  	0.24202  	-0.0027  	0.03637  	0.02319  	-0.0345  	-0.0769  	-0.0449  	0.03553  	-0.0036  	0.04477  	-0.0014  	0.01678  	0.01130  	-0.0007  	0.02357  	0.00373  	-0.0256  	0.03652  	0.00078  	-0.0326  	0.03098  	0.00268  	0.01024  	0.02848  	-0.0030  	-0.0069  	-0.0242  	0.03589  	-0.0073  	0.02253  	-0.2797  	
0.04171  	-0.0094  	-0.0290  	0.90738  	0.24686  	0.41999  	0.11453  	-0.6249  	0.18206  	0.04233  	0.02059  	0.41106  	0.09062  	-0.4270  	-0.8008  	0.85342  	-0.1538  	0.28115  	-0.2877  	0.52968  	-0.1882  	-0.1926  	-0.7572  	0.26859  	-0.0639  	-0.1594  	-0.4174  	0.04981  	0.02805  	-0.0585  	-0.2296  	0.22031  	0.25308  	-0.0371  	0.21349  	0.24626  	0.02075  	-0.0503  	-0.1274  	0.28428  	-0.0533  	0.04336  	-0.0003  	-0.0255  	-0.0699  	-0.0458  	0.02881  	0.01127  	0.06320  	-0.0168  	0.02827  	0.01395  	-0.0087  	0.02040  	0.00907  	-0.0340  	0.04006  	0.00658  	-0.0268  	0.02935  	-0.0111  	-0.0022  	0.03817  	-0.0077  	-0.0069  	-0.0242  	0.03589  	-0.0073  	0.02253  	-0.2797  	
0.03053  	0.05526  	-0.0834  	1.02683  	0.37834  	0.36958  	0.16070  	-0.6293  	0.17719  	0.03131  	-0.0361  	0.38373  	0.07386  	-0.2681  	-0.6604  	0.82465  	-0.1394  	0.28127  	-0.3141  	0.53607  	-0.2102  	-0.1815  	-0.7956  	0.28791  	0.01025  	-0.1602  	-0.4202  	0.12159  	0.13218  	-0.0211  	-0.2690  	0.21634  	0.25185  	-0.0308  	0.24039  	0.28357  	-0.0179  	-0.0845  	-0.1016  	0.30497  	-0.0738  	0.06370  	-0.0397  	-0.0605  	-0.0750  	-0.0417  	0.02574  	0.01537  	0.05392  	-0.0248  	0.03357  	0.01718  	-0.0016  	0.01592  	0.00370  	-0.0218  	0.03705  	0.00314  	-0.0171  	0.02717  	-0.0013  	-0.0063  	0.02686  	-0.0066  	-0.0069  	-0.0242  	0.03589  	-0.0073  	0.02253  	-0.2797  	
0.06542  	0.07886  	-0.1473  	1.23619  	0.48240  	0.43072  	0.14675  	-0.5831  	0.17966  	-0.0940  	-0.1809  	0.36337  	0.15167  	-0.0959  	-0.4474  	0.71179  	-0.1308  	0.22551  	-0.3320  	0.49791  	-0.2592  	-0.1596  	-0.7767  	0.27796  	0.04586  	-0.1720  	-0.3614  	0.09837  	0.16810  	0.05226  	-0.3180  	0.20777  	0.24139  	-0.0121  	0.29031  	0.28654  	-0.0679  	-0.0726  	-0.1027  	0.32936  	-0.1462  	0.07865  	-0.0395  	-0.0505  	-0.0625  	-0.0453  	0.03167  	0.00980  	0.05372  	-0.0223  	0.02648  	0.00854  	-0.0005  	0.01673  	-0.0001  	-0.0243  	0.04212  	0.00064  	-0.0201  	0.03202  	-0.0026  	-0.0057  	0.02017  	-0.0115  	-0.0069  	-0.0242  	0.03589  	-0.0073  	0.02253  	-0.2797  	
0.05167  	0.06409  	-0.1432  	1.23304  	0.44902  	0.42803  	0.13862  	-0.5802  	0.18908  	-0.1218  	-0.2370  	0.35588  	0.16105  	-0.1378  	-0.4298  	0.69953  	-0.1205  	0.24771  	-0.3402  	0.54220  	-0.2543  	-0.1789  	-0.7693  	0.26906  	0.00781  	-0.1714  	-0.4028  	0.14308  	0.19420  	0.04450  	-0.3206  	0.21121  	0.25191  	-0.0019  	0.25782  	0.26248  	-0.0841  	-0.0748  	-0.0918  	0.33419  	-0.1380  	0.06234  	-0.0353  	-0.0238  	-0.0573  	-0.0477  	0.03137  	0.00651  	0.05997  	-0.0147  	0.03345  	0.00580  	5.40478  	0.02124  	0.00330  	-0.0231  	0.03515  	0.00554  	-0.0213  	0.03393  	-0.0037  	-0.0034  	0.01906  	-0.0070  	-0.0069  	-0.0242  	0.03589  	-0.0073  	0.02253  	-0.2797  	
-0.0242  	0.04455  	-0.0772  	1.00386  	0.28750  	0.48933  	0.12550  	-0.6021  	0.19586  	-0.0507  	-0.2172  	0.38816  	0.12658  	-0.2965  	-0.6380  	0.80847  	-0.1142  	0.29924  	-0.3149  	0.51874  	-0.2031  	-0.1311  	-0.7023  	0.23455  	-0.0430  	-0.1394  	-0.4598  	0.09388  	0.16924  	-0.0106  	-0.2724  	0.19416  	0.25920  	-0.0135  	0.15341  	0.25276  	-0.0726  	-0.0660  	-0.0847  	0.28755  	-0.0530  	0.05681  	-0.0025  	-0.0187  	-0.0741  	-0.0473  	0.03417  	0.02505  	0.06322  	-0.0249  	0.01777  	0.00780  	-0.0009  	0.02121  	9.27083  	-0.0243  	0.03854  	0.00456  	-0.0317  	0.02419  	0.00219  	-0.0103  	0.02195  	-0.0051  	-0.0069  	-0.0242  	0.03589  	-0.0073  	0.02253  	-0.2797  	
-0.0251  	0.01580  	-0.0269  	0.87728  	0.24502  	0.49881  	0.14661  	-0.6237  	0.18944  	-0.0352  	-0.1144  	0.35513  	0.08191  	-0.4421  	-0.7570  	0.88595  	-0.1043  	0.31497  	-0.2953  	0.50314  	-0.1916  	-0.1839  	-0.6722  	0.28134  	-0.1119  	-0.1408  	-0.4309  	0.06216  	0.06411  	-0.0561  	-0.2648  	0.22760  	0.24748  	-0.0310  	0.16392  	0.23627  	-0.0058  	-0.0390  	-0.1122  	0.31389  	-0.0379  	0.06182  	0.00752  	-0.0310  	-0.0777  	-0.0400  	0.02075  	0.02538  	0.04890  	-0.0156  	0.02321  	0.01189  	-0.0011  	0.03015  	0.00665  	-0.0328  	0.03375  	0.00699  	-0.0180  	0.02562  	-0.0004  	-0.0029  	0.02182  	-0.0103  	-0.0069  	-0.0242  	0.03589  	-0.0073  	0.02253  	-0.2797  	
-0.0026  	0.03418  	-0.0255  	0.90537  	0.23832  	0.46919  	0.12574  	-0.6448  	0.15863  	-0.0545  	-0.1223  	0.36226  	0.05281  	-0.4268  	-0.6665  	0.81544  	-0.0884  	0.29783  	-0.2883  	0.49853  	-0.1539  	-0.1931  	-0.6269  	0.28288  	-0.0810  	-0.1401  	-0.3757  	0.03908  	0.06673  	-0.0336  	-0.2499  	0.21634  	0.26172  	-0.0196  	0.18048  	0.22360  	0.01596  	-0.0520  	-0.1131  	0.28778  	-0.0688  	0.06057  	-0.0053  	-0.0236  	-0.0691  	-0.0420  	0.02404  	0.01650  	0.04043  	-0.0164  	0.01299  	0.00986  	0.00191  	0.02443  	0.00080  	-0.0267  	0.03575  	0.00547  	-0.0288  	0.02497  	0.00354  	-0.0056  	0.02529  	-0.0106  	-0.0069  	-0.0242  	0.03589  	-0.0073  	0.02253  	-0.2797  	
0.00479  	0.04768  	-0.0835  	1.00961  	0.29008  	0.48263  	0.10991  	-0.6268  	0.16283  	-0.0742  	-0.1823  	0.36799  	0.10936  	-0.3045  	-0.5382  	0.75696  	-0.0884  	0.28422  	-0.2956  	0.46562  	-0.1595  	-0.1695  	-0.6459  	0.23682  	-0.0383  	-0.1544  	-0.3941  	0.05378  	0.10976  	-0.0106  	-0.2489  	0.21042  	0.24189  	-0.0337  	0.20351  	0.23032  	-0.0215  	-0.0651  	-0.0993  	0.29074  	-0.0637  	0.04494  	-0.0021  	-0.0299  	-0.0744  	-0.0462  	0.02806  	-0.0012  	0.05416  	-0.0238  	0.02032  	0.01183  	-0.0018  	0.01703  	0.00305  	-0.0239  	0.03314  	0.00149  	-0.0247  	0.03113  	0.00029  	-0.0026  	0.02950  	-0.0077  	-0.0069  	-0.0242  	0.03589  	-0.0073  	0.02253  	-0.2797  	
-0.0068  	0.05685  	-0.0559  	0.93421  	0.27992  	0.48170  	0.11546  	-0.6019  	0.18020  	-0.0514  	-0.2035  	0.37487  	0.09971  	-0.3597  	-0.6323  	0.81620  	-0.0927  	0.32611  	-0.2875  	0.49271  	-0.1760  	-0.1467  	-0.6507  	0.23663  	-0.0531  	-0.1451  	-0.4565  	0.07871  	0.14506  	-0.0397  	-0.2466  	0.19226  	0.27043  	-0.0256  	0.13964  	0.25103  	-0.0460  	-0.0579  	-0.0964  	0.27767  	-0.0206  	0.04005  	0.00105  	-0.0177  	-0.0848  	-0.0428  	0.03275  	0.02838  	0.05767  	-0.0228  	0.01282  	0.00589  	-0.0025  	0.01963  	0.00166  	-0.0286  	0.03891  	-0.0002  	-0.0299  	0.02612  	0.00096  	-0.0059  	0.02680  	-0.0047  	-0.0069  	-0.0242  	0.03589  	-0.0073  	0.02253  	-0.2797  	
-0.0731  	-0.0049  	-0.0076  	0.72097  	0.16290  	0.43439  	0.16701  	-0.6347  	0.15858  	-0.0056  	-0.0088  	0.34556  	0.04848  	-0.5054  	-0.8394  	0.85608  	-0.0922  	0.33134  	-0.2824  	0.46891  	-0.1299  	-0.1877  	-0.6034  	0.24042  	-0.1458  	-0.1470  	-0.4260  	0.00987  	0.01672  	-0.1075  	-0.2302  	0.22456  	0.27042  	-0.0336  	0.14642  	0.24560  	0.03416  	-0.0231  	-0.1482  	0.27883  	-0.0087  	0.03556  	0.02741  	-0.0243  	-0.0799  	-0.0452  	0.03099  	0.01737  	0.05510  	-0.0173  	0.01597  	0.01408  	-0.0042  	0.02318  	0.01084  	-0.0327  	0.03607  	0.00669  	-0.0260  	0.03249  	0.00091  	-0.0095  	0.03957  	-0.0026  	-0.0069  	-0.0242  	0.03589  	-0.0073  	0.02253  	-0.2797  	
-0.2311  	-0.0618  	0.00512  	0.41311  	0.00589  	0.30244  	0.14049  	-0.7096  	0.15126  	0.02852  	0.19189  	0.28416  	-0.0446  	-0.7251  	-1.0460  	0.82779  	-0.1098  	0.33252  	-0.2636  	0.45821  	-0.1086  	-0.2287  	-0.5524  	0.25601  	-0.1619  	-0.1380  	-0.3853  	-0.0850  	-0.0445  	-0.1308  	-0.2079  	0.23845  	0.23891  	-0.0526  	0.14610  	0.29130  	0.08049  	-0.0102  	-0.1786  	0.25879  	0.03179  	0.03058  	0.02507  	-0.0113  	-0.0795  	-0.0480  	0.03400  	-0.0051  	0.04179  	-0.0260  	0.01898  	0.01666  	0.00365  	0.02113  	0.00208  	-0.0314  	0.03631  	0.00964  	-0.0164  	0.03079  	0.00289  	-0.0091  	0.03150  	-0.0074  	-0.0069  	-0.0242  	0.03589  	-0.0073  	0.02253  	-0.2797  	
-0.3231  	-0.0654  	-0.0714  	0.40404  	-0.0132  	0.28827  	0.11737  	-0.7224  	0.12313  	0.02486  	0.19842  	0.25141  	-0.0827  	-0.7510  	-1.0383  	0.79441  	-0.0732  	0.33648  	-0.2731  	0.45100  	-0.1196  	-0.2154  	-0.5575  	0.22659  	-0.1439  	-0.1299  	-0.4118  	-0.0453  	-0.0182  	-0.1255  	-0.2042  	0.22661  	0.21715  	-0.0524  	0.10294  	0.29933  	0.08097  	-0.0139  	-0.1614  	0.24658  	0.04434  	0.02998  	0.01052  	-0.0227  	-0.0706  	-0.0466  	0.03674  	-0.0113  	0.03666  	-0.0188  	0.01203  	0.01695  	0.00348  	0.02630  	0.00639  	-0.0349  	0.03602  	0.00321  	-0.0275  	0.03383  	0.00253  	-0.0063  	0.03366  	-0.0009  	-0.0069  	-0.0242  	0.03589  	-0.0073  	0.02253  	-0.2797  	
-0.3401  	-0.0734  	-0.1045  	0.40364  	-0.0044  	0.25175  	0.08974  	-0.7154  	0.13635  	0.05194  	0.13933  	0.31056  	-0.0316  	-0.6885  	-1.0343  	0.78018  	-0.0691  	0.32525  	-0.2877  	0.44613  	-0.1941  	-0.2248  	-0.5367  	0.16821  	-0.1841  	-0.1072  	-0.4860  	0.02027  	0.02524  	-0.1162  	-0.1710  	0.20234  	0.23600  	-0.0402  	0.05767  	0.28442  	0.03074  	-0.0215  	-0.1380  	0.24273  	0.05210  	0.01926  	0.03389  	-0.0161  	-0.0776  	-0.0475  	0.04337  	-0.0022  	0.03408  	-0.0106  	0.01344  	0.01717  	-0.0016  	0.02503  	0.00578  	-0.0386  	0.03232  	0.00356  	-0.0261  	0.02752  	0.00595  	-0.0031  	0.03385  	-0.0031  	-0.0069  	-0.0242  	0.03589  	-0.0073  	0.02253  	-0.2797  	
-0.3328  	-0.0547  	-0.0583  	0.34182  	-0.0342  	0.25070  	0.11587  	-0.7065  	0.14171  	0.06363  	0.14774  	0.29542  	-0.0188  	-0.6978  	-1.0908  	0.78203  	-0.0693  	0.34915  	-0.2880  	0.47375  	-0.2001  	-0.2530  	-0.5388  	0.16567  	-0.2041  	-0.1114  	-0.5149  	0.05468  	0.03748  	-0.1449  	-0.1748  	0.20156  	0.23895  	-0.0453  	0.03775  	0.28308  	0.01680  	-0.0196  	-0.1197  	0.25421  	0.07594  	0.01720  	0.03891  	-0.0113  	-0.0848  	-0.0508  	0.03816  	0.01041  	0.03812  	-0.0111  	0.01044  	0.01588  	-0.0042  	0.02136  	0.00689  	-0.0376  	0.03331  	0.00401  	-0.0290  	0.02480  	0.00721  	0.00389  	0.03561  	-0.0033  	-0.0069  	-0.0242  	0.03589  	-0.0073  	0.02253  	-0.2797  	
-0.3106  	-0.0512  	-0.0484  	0.37231  	-0.0308  	0.27788  	0.10013  	-0.7003  	0.14703  	0.05348  	0.16580  	0.30881  	-0.0384  	-0.6940  	-1.0864  	0.77292  	-0.0644  	0.32492  	-0.2932  	0.45327  	-0.1791  	-0.2340  	-0.5266  	0.17882  	-0.2235  	-0.1082  	-0.5087  	0.02397  	0.00913  	-0.1466  	-0.1742  	0.20562  	0.24518  	-0.0448  	0.04578  	0.26941  	0.03434  	-0.0162  	-0.1343  	0.24269  	0.07860  	0.01835  	0.04751  	-0.0172  	-0.0834  	-0.0490  	0.03915  	0.00728  	0.04088  	-0.0086  	0.00529  	0.01490  	-0.0049  	0.02329  	0.00276  	-0.0399  	0.03068  	0.00339  	-0.0306  	0.02389  	0.00269  	0.00167  	0.03504  	-0.0027  	-0.0069  	-0.0242  	0.03589  	-0.0073  	0.02253  	-0.2797  	
-0.2719  	-0.0633  	-0.0552  	0.37699  	-0.0498  	0.29877  	0.07080  	-0.6825  	0.15801  	0.02907  	0.21354  	0.29388  	-0.0284  	-0.7067  	-1.0322  	0.79036  	-0.0677  	0.29615  	-0.2813  	0.46049  	-0.1226  	-0.2476  	-0.5353  	0.21662  	-0.1992  	-0.1107  	-0.4582  	-0.0051  	-0.0403  	-0.1594  	-0.1789  	0.22633  	0.26289  	-0.0496  	0.10902  	0.26287  	0.07356  	-0.0103  	-0.1607  	0.22872  	0.03635  	0.01869  	0.03494  	-0.0271  	-0.0754  	-0.0496  	0.04391  	-0.0015  	0.03739  	-0.0135  	0.01387  	0.01575  	-0.0023  	0.02135  	0.00276  	-0.0388  	0.03185  	0.00716  	-0.0300  	0.02737  	0.00592  	-0.0098  	0.03947  	-0.0004  	-0.0069  	-0.0242  	0.03589  	-0.0073  	0.02253  	-0.2797  	
-0.1736  	-0.0410  	-0.0161  	0.42898  	0.00063  	0.33010  	0.12698  	-0.6668  	0.16291  	0.02045  	0.18997  	0.28580  	-0.0399  	-0.6658  	-1.0028  	0.82929  	-0.0972  	0.31147  	-0.2838  	0.46516  	-0.1429  	-0.2446  	-0.5831  	0.23359  	-0.1732  	-0.1251  	-0.4307  	-0.0109  	-0.0306  	-0.1412  	-0.1926  	0.23882  	0.24773  	-0.0458  	0.15087  	0.29623  	0.07656  	-0.0155  	-0.1709  	0.24284  	0.03098  	0.02672  	0.01501  	-0.0252  	-0.0795  	-0.0449  	0.04031  	0.00036  	0.03849  	-0.0139  	0.01642  	0.01353  	-0.0022  	0.01998  	0.00644  	-0.0346  	0.03488  	0.00496  	-0.0341  	0.02623  	-0.0006  	-0.0058  	0.03643  	-0.0015  	-0.0069  	-0.0242  	0.03589  	-0.0073  	0.02253  	-0.2797  	
-0.0768  	-0.0259  	0.02721  	0.46729  	0.04733  	0.36470  	0.14157  	-0.6997  	0.15682  	0.10290  	0.20274  	0.30366  	-0.0469  	-0.6843  	-1.0757  	0.91303  	-0.1191  	0.32858  	-0.2777  	0.52252  	-0.1737  	-0.2650  	-0.6562  	0.22042  	-0.1758  	-0.1402  	-0.4286  	0.01026  	-0.0219  	-0.1329  	-0.2021  	0.24629  	0.24101  	-0.0391  	0.17676  	0.32324  	0.05318  	-0.0171  	-0.1614  	0.27258  	0.02850  	0.03361  	0.01564  	-0.0153  	-0.0787  	-0.0459  	0.03600  	0.00308  	0.04460  	-0.0139  	0.02036  	0.01446  	0.00134  	0.02027  	0.01184  	-0.0308  	0.03570  	0.00552  	-0.0312  	0.03281  	-0.0003  	-0.0102  	0.03270  	-0.0025  	-0.0069  	-0.0242  	0.03589  	-0.0073  	0.02253  	-0.2797  	
0.02261  	0.01319  	0.09791  	0.58914  	0.08012  	0.41468  	0.08424  	-0.6104  	0.14246  	0.06592  	0.19434  	0.29930  	0.02563  	-0.6187  	-0.9335  	0.86196  	-0.0354  	0.15965  	-0.2262  	0.27978  	0.02163  	-0.4137  	-0.8306  	0.29792  	-0.2322  	-0.0665  	-0.3765  	-0.1918  	-0.0729  	-0.1537  	-0.1297  	0.22841  	0.18772  	-0.1951  	0.17831  	0.25791  	0.05759  	-0.0197  	-0.2920  	0.21345  	0.05587  	0.15022  	-0.0777  	0.04895  	-0.1265  	-0.0295  	0.02633  	0.01763  	0.04079  	-0.0286  	0.02567  	0.01383  	-0.0011  	0.03550  	0.01262  	-0.0359  	0.03408  	-0.0062  	-0.0326  	0.04032  	0.00175  	-0.0090  	0.02014  	-0.0071  	-0.0069  	-0.0242  	0.03589  	-0.0073  	0.02253  	-0.2797  	
0.05421  	0.01583  	0.18773  	0.68852  	0.13584  	0.37728  	0.09052  	-0.5374  	0.13800  	0.06273  	0.17206  	0.35072  	0.06014  	-0.6656  	-0.8705  	0.90255  	-0.0057  	0.03629  	-0.1411  	0.10334  	0.02804  	-0.5504  	-1.0151  	0.32621  	-0.2402  	-0.0082  	-0.3627  	-0.2384  	0.00696  	-0.1720  	-0.0679  	0.19693  	0.11084  	-0.3043  	0.12988  	0.23580  	-0.0102  	-0.0170  	-0.3344  	0.14666  	0.09436  	0.24298  	-0.1517  	0.09518  	-0.1662  	-0.0180  	-0.0024  	0.04113  	0.03736  	-0.0446  	0.03046  	0.01967  	0.00236  	0.04849  	0.01587  	-0.0353  	0.02875  	-0.0119  	-0.0304  	0.04690  	0.00952  	-0.0134  	0.01146  	-0.0076  	-0.0069  	-0.0242  	0.03589  	-0.0073  	0.02253  	-0.2797  	
0.11133  	0.05095  	0.18871  	0.63694  	0.11626  	0.40318  	0.11518  	-0.4742  	0.14849  	0.03321  	0.22124  	0.40115  	0.06169  	-0.6408  	-0.9158  	0.86552  	0.01353  	0.04062  	-0.1243  	0.07807  	0.08035  	-0.5666  	-1.0417  	0.27450  	-0.1757  	-0.0067  	-0.3592  	-0.2232  	0.03896  	-0.1560  	-0.0419  	0.16519  	0.09088  	-0.3222  	0.10147  	0.24825  	-0.0146  	-0.0016  	-0.3493  	0.11350  	0.10062  	0.24623  	-0.1616  	0.11823  	-0.1703  	-0.0224  	-0.0077  	0.04799  	0.03176  	-0.0473  	0.03796  	0.01961  	0.00345  	0.05261  	0.00961  	-0.0304  	0.02868  	-0.0190  	-0.0261  	0.04811  	0.00167  	-0.0133  	0.02070  	-0.0138  	-0.0069  	-0.0242  	0.03589  	-0.0073  	0.02253  	-0.2797  	
0.02810  	0.00510  	0.11278  	0.63656  	0.11331  	0.35438  	0.06390  	-0.5454  	0.14310  	0.01399  	0.20704  	0.40105  	0.07005  	-0.6281  	-0.9585  	0.80295  	0.00574  	0.05882  	-0.1702  	0.09307  	0.04070  	-0.5641  	-1.0166  	0.24611  	-0.1770  	-0.0263  	-0.3740  	-0.1955  	0.02878  	-0.1353  	-0.0549  	0.16370  	0.11375  	-0.2991  	0.08739  	0.23159  	0.00057  	-0.0131  	-0.3275  	0.10050  	0.10160  	0.21759  	-0.1415  	0.09785  	-0.1642  	-0.0224  	-0.0032  	0.04220  	0.03704  	-0.0487  	0.03546  	0.01746  	0.00592  	0.04634  	0.01039  	-0.0239  	0.03202  	-0.0194  	-0.0313  	0.04524  	0.00392  	-0.0146  	0.01492  	-0.0053  	-0.0069  	-0.0242  	0.03589  	-0.0073  	0.02253  	-0.2797  	
-0.2528  	-0.0472  	-0.0657  	0.43837  	0.01035  	0.25279  	0.08491  	-0.6831  	0.09755  	0.02118  	0.21913  	0.30653  	-0.0341  	-0.7574  	-0.9765  	0.72772  	-0.0279  	0.22878  	-0.2218  	0.27231  	-0.0213  	-0.4256  	-0.7674  	0.24162  	-0.1925  	-0.0511  	-0.4277  	-0.1055  	0.04433  	-0.1512  	-0.1133  	0.19716  	0.14929  	-0.1866  	0.07863  	0.27207  	0.01795  	0.00509  	-0.2580  	0.18055  	0.09638  	0.12963  	-0.0696  	0.04938  	-0.1161  	-0.0281  	0.02113  	0.00340  	0.02435  	-0.0364  	0.02203  	0.01922  	0.00270  	0.03940  	0.01610  	-0.0384  	0.03293  	0.00043  	-0.0275  	0.04006  	0.00334  	-0.0142  	0.02121  	-0.0011  	-0.0069  	-0.0242  	0.03589  	-0.0073  	0.02253  	-0.2797  	
-0.3500  	-0.0793  	-0.0751  	0.31453  	-0.0646  	0.26468  	0.10698  	-0.7262  	0.12061  	0.03382  	0.19758  	0.22805  	-0.0675  	-0.7743  	-1.0987  	0.76201  	-0.0624  	0.34409  	-0.2776  	0.46948  	-0.1399  	-0.2378  	-0.5331  	0.18940  	-0.1636  	-0.1230  	-0.4508  	-0.0107  	0.00628  	-0.1409  	-0.1923  	0.22433  	0.21477  	-0.0538  	0.06222  	0.29626  	0.06287  	-0.0046  	-0.1474  	0.22973  	0.06481  	0.01712  	0.02478  	-0.0219  	-0.0726  	-0.0489  	0.03918  	-0.0089  	0.03457  	-0.0184  	0.00975  	0.01700  	0.00301  	0.02398  	0.00764  	-0.0382  	0.03467  	0.00488  	-0.0282  	0.02824  	0.00624  	-0.0063  	0.03204  	-0.0002  	-0.0069  	-0.0242  	0.03589  	-0.0073  	0.02253  	-0.2797  	
-0.3536  	-0.0752  	-0.0815  	0.34428  	-0.0456  	0.26150  	0.10286  	-0.7087  	0.14134  	0.03558  	0.18326  	0.26468  	-0.0443  	-0.7375  	-1.0464  	0.77634  	-0.0614  	0.32681  	-0.2829  	0.45473  	-0.1670  	-0.2336  	-0.5144  	0.18614  	-0.2041  	-0.1046  	-0.4693  	-0.0038  	-0.0060  	-0.1402  	-0.1790  	0.22172  	0.23446  	-0.0504  	0.06681  	0.27320  	0.05842  	-0.0059  	-0.1501  	0.24169  	0.06583  	0.02574  	0.03141  	-0.0161  	-0.0782  	-0.0468  	0.04100  	-0.0076  	0.03681  	-0.0137  	0.00730  	0.01946  	-0.0006  	0.02605  	0.00745  	-0.0386  	0.02890  	0.00241  	-0.0283  	0.02649  	0.00605  	0.00079  	0.02869  	-0.0034  	-0.0069  	-0.0242  	0.03589  	-0.0073  	0.02253  	-0.2797  	
-0.3285  	-0.0619  	-0.0922  	0.36753  	-0.0238  	0.25086  	0.11209  	-0.7123  	0.14602  	0.05885  	0.15659  	0.30157  	-0.0293  	-0.7070  	-1.0669  	0.77964  	-0.0837  	0.34624  	-0.2838  	0.46855  	-0.2011  	-0.2356  	-0.5372  	0.16094  	-0.2281  	-0.1031  	-0.5143  	0.03995  	0.02063  	-0.1466  	-0.1630  	0.20740  	0.24395  	-0.0383  	0.04536  	0.27569  	0.02156  	-0.0146  	-0.1360  	0.24218  	0.06894  	0.02366  	0.03718  	-0.0129  	-0.0813  	-0.0470  	0.03838  	-0.0035  	0.03672  	-0.0092  	0.00812  	0.01627  	-0.0006  	0.02304  	0.00709  	-0.0402  	0.03046  	0.00347  	-0.0269  	0.02564  	0.00588  	0.00514  	0.03208  	-0.0023  	-0.0069  	-0.0242  	0.03589  	-0.0073  	0.02253  	-0.2797  	
-0.2539  	-0.0494  	-0.0707  	0.40143  	-0.0035  	0.24765  	0.11066  	-0.7195  	0.15057  	0.05497  	0.17131  	0.29109  	-0.0387  	-0.6995  	-1.0562  	0.78666  	-0.0891  	0.32624  	-0.2747  	0.48175  	-0.1831  	-0.2357  	-0.5797  	0.17195  	-0.1677  	-0.1243  	-0.4737  	0.02536  	0.00473  	-0.1368  	-0.1947  	0.22492  	0.24044  	-0.0442  	0.08420  	0.29506  	0.04485  	-0.0054  	-0.1463  	0.24765  	0.05603  	0.01718  	0.02852  	-0.0154  	-0.0792  	-0.0527  	0.03864  	0.00041  	0.03854  	-0.0136  	0.01392  	0.01725  	-0.0022  	0.02548  	0.00886  	-0.0339  	0.03242  	0.00484  	-0.0279  	0.02745  	0.00508  	-0.0032  	0.03796  	-0.0028  	-0.0069  	-0.0242  	0.03589  	-0.0073  	0.02253  	-0.2797  	
-0.2886  	-0.0702  	-0.0769  	0.43804  	0.00945  	0.24497  	0.09841  	-0.7309  	0.13517  	0.05318  	0.19014  	0.29752  	-0.0539  	-0.7110  	-1.0467  	0.79696  	-0.0842  	0.30996  	-0.2755  	0.47283  	-0.1649  	-0.2240  	-0.5937  	0.20572  	-0.1479  	-0.1254  	-0.4489  	0.00107  	-0.0089  	-0.1110  	-0.1994  	0.23456  	0.23010  	-0.0416  	0.10803  	0.30085  	0.05222  	-0.0120  	-0.1528  	0.23286  	0.03756  	0.03377  	0.01844  	-0.0227  	-0.0725  	-0.0515  	0.03545  	0.00263  	0.03871  	-0.0094  	0.01288  	0.01705  	0.00080  	0.02587  	0.00634  	-0.0348  	0.03486  	0.00625  	-0.0275  	0.02684  	0.00269  	-0.0087  	0.03872  	-0.0045  	-0.0069  	-0.0242  	0.03589  	-0.0073  	0.02253  	-0.2797  	
-0.1776  	-0.0407  	-0.0729  	0.56016  	0.05269  	0.32393  	0.09464  	-0.6771  	0.15686  	-0.0011  	0.11601  	0.34053  	-0.0178  	-0.6077  	-0.9113  	0.76709  	-0.0728  	0.30814  	-0.2769  	0.48596  	-0.1413  	-0.2086  	-0.5704  	0.23383  	-0.1901  	-0.1150  	-0.4641  	0.00022  	-0.0218  	-0.1178  	-0.2024  	0.22401  	0.26253  	-0.0505  	0.14591  	0.26664  	0.04695  	-0.0291  	-0.1628  	0.25076  	0.01837  	0.01995  	0.02718  	-0.0163  	-0.0747  	-0.0510  	0.03867  	0.00207  	0.04565  	-0.0153  	0.01528  	0.01206  	-0.0005  	0.01951  	0.00356  	-0.0348  	0.03368  	0.00205  	-0.0275  	0.03176  	0.00115  	-0.0053  	0.03093  	-0.0029  	-0.0069  	-0.0242  	0.03589  	-0.0073  	0.02253  	-0.2797  	
-0.0862  	-0.0112  	-0.0163  	0.55844  	0.03284  	0.35830  	0.14145  	-0.6952  	0.16040  	0.01416  	0.12686  	0.34016  	0.00960  	-0.5580  	-0.8697  	0.78616  	-0.0985  	0.31356  	-0.2769  	0.45743  	-0.1052  	-0.1885  	-0.5685  	0.23325  	-0.1793  	-0.1279  	-0.4645  	-0.0636  	-0.0458  	-0.1361  	-0.1926  	0.22675  	0.26399  	-0.0421  	0.17589  	0.25771  	0.07934  	-0.0129  	-0.1492  	0.26903  	0.01204  	0.03796  	0.02310  	-0.0240  	-0.0785  	-0.0461  	0.04070  	0.00951  	0.04001  	-0.0141  	0.01648  	0.01816  	-0.0027  	0.02245  	0.00402  	-0.0291  	0.02784  	0.00537  	-0.0263  	0.03027  	0.00610  	-0.0023  	0.02909  	-0.0032  	-0.0069  	-0.0242  	0.03589  	-0.0073  	0.02253  	-0.2797  	
0.14127  	0.06112  	0.13784  	0.69020  	0.07329  	0.50080  	0.15553  	-0.5352  	0.20304  	0.02379  	0.07835  	0.31915  	0.05165  	-0.3515  	-0.7526  	0.84861  	-0.0992  	0.24722  	-0.2973  	0.39725  	0.01251  	-0.1836  	-0.5690  	0.27375  	-0.1561  	-0.1488  	-0.3610  	-0.1939  	-0.1060  	-0.1236  	-0.2068  	0.25440  	0.27314  	-0.0613  	0.21603  	0.21664  	0.13665  	0.00844  	-0.1610  	0.24418  	0.00548  	0.02741  	0.03456  	-0.0197  	-0.0892  	-0.0433  	0.03117  	0.02496  	0.05577  	-0.0124  	0.01228  	0.01626  	0.00112  	0.02788  	0.00827  	-0.0250  	0.02211  	-0.0030  	-0.0326  	0.03480  	0.00629  	0.00354  	0.03405  	-0.0065  	-0.0069  	-0.0242  	0.03589  	-0.0073  	0.02253  	-0.2797  	
-0.0344  	0.00047  	0.05568  	0.49506  	0.00369  	0.35749  	0.15350  	-0.6354  	0.17482  	0.08452  	0.17487  	0.30200  	0.00608  	-0.5278  	-0.9379  	0.81721  	-0.1038  	0.31930  	-0.2807  	0.49365  	-0.0725  	-0.2175  	-0.6124  	0.24888  	-0.1539  	-0.1485  	-0.4142  	-0.1001  	-0.0770  	-0.1384  	-0.1987  	0.22704  	0.26354  	-0.0502  	0.18222  	0.26287  	0.11785  	-0.0136  	-0.1822  	0.23836  	-0.0073  	0.03889  	0.00912  	-0.0242  	-0.0726  	-0.0437  	0.03709  	0.00622  	0.05125  	-0.0164  	0.02009  	0.01972  	0.00128  	0.02624  	0.00249  	-0.0271  	0.02957  	0.00503  	-0.0302  	0.03326  	0.00676  	-0.0083  	0.03458  	-0.0037  	-0.0069  	-0.0242  	0.03589  	-0.0073  	0.02253  	-0.2797  	
-0.0044  	-0.0087  	-0.0416  	0.78998  	0.22854  	0.39760  	0.11788  	-0.6342  	0.14363  	0.02525  	0.05817  	0.40437  	0.05004  	-0.4899  	-0.7850  	0.85834  	-0.1375  	0.27229  	-0.3041  	0.50875  	-0.1247  	-0.1893  	-0.6874  	0.27642  	-0.1082  	-0.1492  	-0.3939  	-0.0203  	-0.0382  	-0.0834  	-0.2208  	0.22618  	0.23927  	-0.0342  	0.21640  	0.25871  	0.06072  	-0.0441  	-0.1529  	0.27084  	-0.0436  	0.05254  	0.00097  	-0.0216  	-0.0722  	-0.0441  	0.02802  	0.00870  	0.05380  	-0.0147  	0.02050  	0.00945  	-0.0055  	0.01897  	0.00135  	-0.0318  	0.04089  	0.00756  	-0.0286  	0.03110  	-0.0025  	-0.0101  	0.03222  	-0.0081  	-0.0069  	-0.0242  	0.03589  	-0.0073  	0.02253  	-0.2797  	
0.07508  	0.02035  	-0.0044  	0.94998  	0.26790  	0.48690  	0.14012  	-0.5880  	0.16055  	-0.0028  	-0.1192  	0.34813  	0.07726  	-0.3845  	-0.6025  	0.77656  	-0.1138  	0.28014  	-0.2724  	0.48951  	-0.1223  	-0.1545  	-0.6715  	0.22142  	-0.0411  	-0.1620  	-0.3739  	-0.0172  	0.04024  	-0.0300  	-0.2476  	0.21965  	0.24721  	-0.0308  	0.22331  	0.24761  	0.03413  	-0.0595  	-0.0982  	0.26257  	-0.0612  	0.05297  	0.00451  	-0.0275  	-0.0619  	-0.0446  	0.03084  	0.01299  	0.06746  	-0.0302  	0.02256  	0.01608  	0.00086  	0.02255  	0.00634  	-0.0285  	0.02559  	0.00252  	-0.0275  	0.02743  	-0.0026  	-0.0082  	0.03571  	-0.0103  	-0.0069  	-0.0242  	0.03589  	-0.0073  	0.02253  	-0.2797  	
0.13862  	0.06879  	-0.0050  	1.09267  	0.34042  	0.53802  	0.16187  	-0.5682  	0.21864  	-0.0380  	-0.1611  	0.36308  	0.12832  	-0.2582  	-0.5521  	0.76038  	-0.1092  	0.25673  	-0.2874  	0.46400  	-0.1532  	-0.1348  	-0.6515  	0.25273  	-0.0560  	-0.1480  	-0.3741  	0.00567  	0.06194  	-0.0289  	-0.2489  	0.21638  	0.28623  	-0.0207  	0.22055  	0.23010  	-0.0043  	-0.0557  	-0.0776  	0.27740  	-0.0687  	0.05097  	0.00536  	-0.0172  	-0.0754  	-0.0414  	0.03116  	0.01613  	0.05665  	-0.0121  	0.01940  	0.01573  	0.00200  	0.02970  	0.00904  	-0.0233  	0.02425  	-0.0011  	-0.0242  	0.03899  	0.00667  	-0.0077  	0.02222  	-0.0159  	-0.0069  	-0.0242  	0.03589  	-0.0073  	0.02253  	-0.2797  	
0.03445  	0.00384  	4.47699  	0.73401  	0.15638  	0.39746  	0.15436  	-0.6221  	0.19464  	0.00749  	0.07901  	0.37940  	0.11072  	-0.3835  	-0.8485  	0.83031  	-0.1339  	0.30705  	-0.3287  	0.47984  	-0.0870  	-0.1764  	-0.6244  	0.29030  	-0.1566  	-0.1478  	-0.4392  	-0.0261  	-0.0254  	-0.1050  	-0.2065  	0.21232  	0.27082  	-0.0561  	0.20292  	0.23285  	0.05319  	-0.0449  	-0.1446  	0.27327  	0.00025  	0.04301  	0.01941  	-0.0407  	-0.0829  	-0.0480  	0.03877  	0.01332  	0.04598  	-0.0204  	0.01395  	0.00888  	-0.0039  	0.02149  	0.00391  	-0.0349  	0.03902  	0.00471  	-0.0251  	0.03061  	0.00286  	-0.0079  	0.02466  	-0.0011  	-0.0069  	-0.0242  	0.03589  	-0.0073  	0.02253  	-0.2797  	
-0.2692  	-0.0719  	-0.0084  	0.33603  	-0.0192  	0.24415  	0.10150  	-0.6276  	0.14282  	0.05053  	0.25494  	0.30352  	0.01535  	-0.6813  	-1.0236  	0.71692  	-0.0280  	0.20561  	-0.2186  	0.28131  	-0.0127  	-0.4278  	-0.7774  	0.28796  	-0.2507  	-0.0448  	-0.4448  	-0.1290  	-0.0192  	-0.1745  	-0.0979  	0.18303  	0.18194  	-0.1862  	0.10683  	0.23517  	-0.0002  	-0.0266  	-0.2682  	0.20258  	0.06833  	0.13729  	-0.0911  	0.03910  	-0.1278  	-0.0304  	0.01803  	0.01627  	0.03165  	-0.0261  	0.01867  	0.01619  	-0.0025  	0.03666  	0.00682  	-0.0381  	0.03363  	-0.0054  	-0.0313  	0.03454  	0.00747  	-0.0126  	0.01423  	-0.0033  	-0.0069  	-0.0242  	0.03589  	-0.0073  	0.02253  	-0.2797  	
-0.2364  	-0.0564  	0.00196  	0.43513  	-0.0295  	0.29132  	0.04050  	-0.5895  	0.10468  	-0.0682  	0.18440  	0.29378  	0.01390  	-0.7556  	-0.8953  	0.66452  	0.08305  	0.05426  	-0.1735  	0.05804  	0.03552  	-0.5242  	-0.8628  	0.27894  	-0.2700  	0.01838  	-0.3819  	-0.2496  	0.02674  	-0.1695  	-0.0181  	0.15833  	0.08625  	-0.3047  	0.04633  	0.20795  	-0.0135  	-0.0009  	-0.3443  	0.12388  	0.13347  	0.22550  	-0.1660  	0.09269  	-0.1560  	-0.0145  	0.00842  	0.01635  	0.01538  	-0.0312  	0.01494  	0.02531  	-0.0008  	0.04936  	0.01596  	-0.0365  	0.02806  	-0.0138  	-0.0263  	0.04252  	0.01100  	-0.0099  	0.00785  	-0.0035  	-0.0069  	-0.0242  	0.03589  	-0.0073  	0.02253  	-0.2797  	
-0.1412  	-0.0107  	0.02006  	0.51047  	0.00157  	0.26300  	0.06449  	-0.6136  	0.12454  	-0.0056  	0.18237  	0.36538  	0.05655  	-0.7255  	-0.9014  	0.70635  	0.06198  	0.07344  	-0.1541  	0.04496  	-0.0295  	-0.5884  	-0.9702  	0.20307  	-0.3036  	0.04214  	-0.5089  	-0.1528  	0.11136  	-0.1768  	-0.0008  	0.15585  	0.11781  	-0.3116  	0.00509  	0.21406  	-0.0838  	-0.0199  	-0.3261  	0.13091  	0.16971  	0.23502  	-0.1511  	0.11277  	-0.1690  	-0.0165  	0.00223  	0.03301  	0.01558  	-0.0392  	0.02237  	0.02246  	-0.0009  	0.04752  	0.01421  	-0.0378  	0.02696  	-0.0162  	-0.0265  	0.04488  	0.01039  	-0.0069  	0.00386  	-0.0012  	-0.0069  	-0.0242  	0.03589  	-0.0073  	0.02253  	-0.2797  	
-0.0905  	-0.0197  	0.04374  	0.54110  	0.05970  	0.32704  	0.04707  	-0.5885  	0.15251  	0.00318  	0.24714  	0.36322  	0.03642  	-0.6697  	-0.9252  	0.78110  	0.02631  	0.08287  	-0.1495  	0.12479  	-0.0064  	-0.5749  	-1.0227  	0.27845  	-0.2884  	0.00586  	-0.4645  	-0.0999  	0.04104  	-0.1688  	-0.0439  	0.17787  	0.11625  	-0.2845  	0.09568  	0.22555  	-0.0190  	-0.0274  	-0.3561  	0.11817  	0.11543  	0.22067  	-0.1499  	0.09091  	-0.1511  	-0.0162  	0.00039  	0.02667  	0.02460  	-0.0273  	0.03333  	0.01809  	-0.0031  	0.04433  	0.01478  	-0.0318  	0.03242  	-0.0125  	-0.0263  	0.04758  	0.00402  	-0.0077  	0.00058  	-0.0032  	-0.0069  	-0.0242  	0.03589  	-0.0073  	0.02253  	-0.2797  	
0.05794  	0.05595  	0.04622  	0.78237  	0.21039  	0.35418  	0.07455  	-0.5977  	0.10083  	0.01759  	0.03009  	0.38060  	0.09976  	-0.4222  	-0.6381  	0.73163  	-0.0384  	0.10359  	-0.2268  	0.21056  	0.02969  	-0.3343  	-0.8187  	0.36890  	-0.2653  	-0.0464  	-0.3080  	-0.2411  	-0.1279  	-0.1193  	-0.1076  	0.20835  	0.17341  	-0.2012  	0.20588  	0.19975  	0.06949  	-0.0334  	-0.2889  	0.21291  	-0.0026  	0.17615  	-0.1161  	0.04805  	-0.1360  	-0.0251  	0.01715  	0.02271  	0.03806  	-0.0218  	0.01070  	0.01282  	-0.0035  	0.03814  	0.00572  	-0.0297  	0.02850  	-0.0134  	-0.0263  	0.04212  	0.00113  	-0.0014  	-0.0016  	-0.0195  	-0.0069  	-0.0242  	0.03589  	-0.0073  	0.02253  	-0.2797  	
0.25683  	0.05315  	0.16071  	0.82330  	0.17257  	0.53514  	0.18547  	-0.5932  	0.16810  	0.09782  	-0.1296  	0.21670  	0.14901  	-0.2002  	-0.5151  	0.69312  	-0.1030  	0.23855  	-0.3094  	0.35305  	-0.0619  	-0.1358  	-0.5443  	0.31035  	-0.0905  	-0.1739  	-0.2970  	-0.2398  	-0.0283  	-0.0621  	-0.2212  	0.23093  	0.23076  	-0.0609  	0.24085  	0.21329  	0.09004  	-0.0282  	-0.1313  	0.29373  	-0.0429  	0.05517  	0.00807  	-0.0132  	-0.0797  	-0.0362  	0.02116  	0.02823  	0.06157  	-0.0164  	0.01826  	0.01682  	-0.0014  	0.01777  	0.00716  	-0.0182  	0.02189  	-0.0004  	-0.0345  	0.03624  	0.00151  	0.00134  	0.02399  	-0.0139  	-0.0069  	-0.0242  	0.03589  	-0.0073  	0.02253  	-0.2797  	
0.18560  	0.10656  	0.15734  	0.63352  	0.11327  	0.49745  	0.21657  	-0.6030  	0.18542  	0.13585  	-0.2159  	0.05065  	0.19302  	-0.1731  	-0.5731  	0.62441  	-0.1014  	0.19864  	-0.2927  	0.15264  	-0.1471  	-0.0441  	-0.4652  	0.29821  	0.01655  	-0.1561  	-0.1954  	-0.2805  	0.00297  	-0.0060  	-0.1653  	0.23313  	0.22795  	-0.0487  	0.16447  	0.20969  	0.05596  	-0.0300  	-0.1301  	0.27416  	-0.0283  	0.05533  	0.05163  	-0.0155  	-0.1015  	-0.0491  	0.01445  	0.03935  	0.07556  	-0.0182  	0.01432  	0.02041  	0.00101  	0.02912  	0.00560  	-0.0227  	0.01811  	-0.0049  	-0.0406  	0.03850  	0.01027  	0.00694  	0.03848  	-0.0098  	-0.0069  	-0.0242  	0.03589  	-0.0073  	0.02253  	-0.2797  	
-0.0987  	0.02166  	-0.0101  	0.63904  	0.10068  	0.28154  	0.15822  	-0.6011  	0.16960  	0.07433  	0.05404  	0.17537  	0.10734  	-0.2340  	-0.7059  	0.68681  	-0.1039  	0.21576  	-0.3421  	0.42236  	0.00745  	-0.1863  	-0.6358  	0.40956  	-0.0750  	-0.1603  	-0.2234  	-0.2704  	-0.1402  	-0.0576  	-0.1898  	0.21440  	0.24736  	-0.0720  	0.30959  	0.19902  	0.13360  	-0.0499  	-0.1938  	0.29078  	-0.0747  	0.08971  	-0.0363  	-0.0512  	-0.0747  	-0.0435  	0.03101  	-0.0048  	0.04231  	-0.0054  	0.01510  	0.01096  	-0.0072  	0.02721  	-0.0085  	-0.0137  	0.01305  	-0.0099  	-0.0262  	0.04291  	0.00460  	0.01555  	0.01868  	-0.0152  	-0.0069  	-0.0242  	0.03589  	-0.0073  	0.02253  	-0.2797  	
-0.4155  	-0.0982  	-0.1927  	0.55195  	0.11481  	0.19297  	0.10147  	-0.6536  	0.12841  	0.08355  	0.30672  	0.45916  	0.00654  	-0.5252  	-0.8513  	0.71700  	-0.1580  	0.30451  	-0.3157  	0.55577  	-0.0010  	-0.2397  	-0.6075  	0.32008  	-0.2821  	-0.1333  	-0.4678  	-0.0593  	-0.1362  	-0.1474  	-0.1752  	0.21473  	0.26117  	-0.0455  	0.21546  	0.18616  	0.09369  	-0.0337  	-0.2140  	0.26424  	-0.0441  	0.04879  	-0.0430  	-0.0567  	-0.0670  	-0.0438  	0.04172  	-0.0286  	0.04395  	-0.0062  	0.00453  	0.01117  	5.45389  	0.02516  	-0.0029  	-0.0407  	0.02967  	-0.0052  	-0.0281  	0.03200  	0.00367  	0.00735  	0.02930  	-0.0084  	-0.0069  	-0.0242  	0.03589  	-0.0073  	0.02253  	-0.2797  	
-0.3598  	-0.0931  	-0.1065  	0.38658  	0.04112  	0.22818  	0.10637  	-0.6748  	0.13481  	0.04800  	0.29973  	0.32872  	-0.0301  	-0.6365  	-0.9996  	0.72520  	-0.1034  	0.31232  	-0.2912  	0.50370  	-0.1021  	-0.2429  	-0.5446  	0.25652  	-0.2032  	-0.1318  	-0.4622  	-0.0620  	-0.0739  	-0.1260  	-0.1884  	0.21036  	0.25337  	-0.0511  	0.17136  	0.25538  	0.08714  	-0.0238  	-0.1716  	0.21805  	0.00378  	0.02835  	-0.0185  	-0.0451  	-0.0605  	-0.0471  	0.04575  	-0.0230  	0.03983  	-0.0165  	0.00994  	0.01381  	0.00205  	0.01940  	0.00562  	-0.0388  	0.03112  	0.00472  	-0.0271  	0.03553  	0.00468  	-0.0047  	0.03300  	-0.0044  	-0.0069  	-0.0242  	0.03589  	-0.0073  	0.02253  	-0.2797  	
-0.1183  	-0.0401  	0.01313  	0.47931  	-0.0251  	0.39070  	0.09258  	-0.6482  	0.15865  	0.02968  	0.15248  	0.31742  	-0.0195  	-0.6700  	-1.0080  	0.86183  	-0.0896  	0.34192  	-0.2645  	0.47659  	-0.1206  	-0.2404  	-0.5641  	0.22049  	-0.1786  	-0.1302  	-0.4731  	-0.0466  	-0.0509  	-0.1295  	-0.1917  	0.23126  	0.24893  	-0.0506  	0.11486  	0.25432  	0.05077  	-0.0051  	-0.1435  	0.24671  	0.03297  	0.01907  	0.03444  	-0.0277  	-0.0774  	-0.0519  	0.03560  	0.00382  	0.04922  	-0.0173  	0.01671  	0.01562  	-0.0009  	0.01916  	0.00682  	-0.0349  	0.03784  	0.00624  	-0.0268  	0.02677  	-0.0008  	-0.0074  	0.03402  	-0.0012  	-0.0069  	-0.0242  	0.03589  	-0.0073  	0.02253  	-0.2797  	
-0.1037  	-0.0367  	-0.0314  	0.48639  	0.04080  	0.36310  	0.08712  	-0.7301  	0.15082  	0.03968  	0.14318  	0.32802  	-0.0465  	-0.6879  	-1.0147  	0.84403  	-0.0834  	0.32196  	-0.2678  	0.47389  	-0.0790  	-0.2511  	-0.5897  	0.25989  	-0.1855  	-0.1438  	-0.3990  	-0.0607  	-0.0831  	-0.1175  	-0.2155  	0.24568  	0.24408  	-0.0451  	0.18706  	0.28288  	0.09675  	-0.0079  	-0.1803  	0.25484  	0.01288  	0.03503  	0.01692  	-0.0136  	-0.0802  	-0.0413  	0.03516  	-0.0064  	0.04110  	-0.0193  	0.02031  	0.01597  	-0.0002  	0.02295  	0.00188  	-0.0304  	0.03733  	0.00718  	-0.0289  	0.02806  	-0.0003  	-0.0104  	0.04036  	-0.0051  	-0.0069  	-0.0242  	0.03589  	-0.0073  	0.02253  	-0.2797  	
-0.1047  	-0.0582  	-0.0178  	0.55724  	0.07917  	0.33779  	0.10263  	-0.7525  	0.12220  	0.05267  	0.14214  	0.31994  	-0.0841  	-0.7050  	-1.0301  	0.88125  	-0.0950  	0.30875  	-0.2700  	0.48261  	-0.1322  	-0.2335  	-0.5847  	0.27122  	-0.1258  	-0.1481  	-0.3834  	-0.0407  	-0.0636  	-0.0955  	-0.2159  	0.25711  	0.21472  	-0.0496  	0.17401  	0.32645  	0.09730  	-0.0072  	-0.1722  	0.24712  	-0.0039  	0.02709  	0.01821  	-0.0143  	-0.0751  	-0.0448  	0.03567  	-1.7718  	0.04612  	-0.0134  	0.02599  	0.01745  	0.00105  	0.02347  	0.00955  	-0.0312  	0.03533  	0.00824  	-0.0289  	0.02830  	-0.0026  	-0.0143  	0.03790  	-0.0072  	-0.0069  	-0.0242  	0.03589  	-0.0073  	0.02253  	-0.2797  	
-0.0880  	-0.0577  	-0.0028  	0.58620  	0.12156  	0.29296  	0.15315  	-0.7379  	0.12746  	0.14455  	0.14785  	0.32622  	-0.0566  	-0.6998  	-1.0787  	0.93987  	-0.1373  	0.34758  	-0.2692  	0.49668  	-0.2531  	-0.2296  	-0.6609  	0.23325  	-0.0910  	-0.1548  	-0.4288  	0.03330  	0.02174  	-0.0893  	-0.2216  	0.25001  	0.20627  	-0.0493  	0.12964  	0.36981  	0.02969  	-0.0225  	-0.1440  	0.27929  	0.02096  	0.03407  	0.01993  	-0.0142  	-0.0813  	-0.0424  	0.03081  	0.01190  	0.05231  	-0.0179  	0.02079  	0.01452  	0.00414  	0.02234  	0.01267  	-0.0361  	0.03834  	0.00667  	-0.0273  	0.03476  	-0.0056  	-0.0093  	0.03764  	-0.0054  	-0.0069  	-0.0242  	0.03589  	-0.0073  	0.02253  	-0.2797  	
-0.1063  	-0.0696  	-0.0150  	0.53378  	0.11225  	0.30415  	0.15764  	-0.7474  	0.15859  	0.13367  	0.11292  	0.31224  	-0.0327  	-0.7286  	-1.1068  	0.93970  	-0.1256  	0.36276  	-0.2723  	0.49165  	-0.2682  	-0.2276  	-0.6711  	0.21772  	-0.0595  	-0.1504  	-0.4180  	0.07612  	0.06896  	-0.0720  	-0.2205  	0.25328  	0.20141  	-0.0417  	0.11425  	0.38455  	0.01021  	-0.0305  	-0.1368  	0.28038  	0.01484  	0.03784  	0.02851  	-0.0111  	-0.0826  	-0.0450  	0.02979  	0.01302  	0.05623  	-0.0263  	0.03025  	0.01199  	0.00145  	0.02614  	0.01069  	-0.0314  	0.03853  	0.00587  	-0.0219  	0.03330  	-0.0039  	-0.0139  	0.03578  	-0.0016  	-0.0069  	-0.0242  	0.03589  	-0.0073  	0.02253  	-0.2797  	
-0.1894  	-0.0727  	-0.0851  	0.50245  	0.05527  	0.34690  	0.11809  	-0.7425  	0.12736  	0.04316  	0.05720  	0.23074  	-0.0466  	-0.7087  	-1.0321  	0.81216  	-0.0871  	0.32158  	-0.2808  	0.44895  	-0.1912  	-0.2403  	-0.6074  	0.25174  	-0.0640  	-0.1493  	-0.3811  	0.02227  	0.01276  	-0.0837  	-0.2167  	0.25747  	0.19521  	-0.0587  	0.12660  	0.36226  	0.04668  	-0.0231  	-0.1567  	0.25459  	0.00113  	0.03288  	0.01460  	-0.0155  	-0.0853  	-0.0415  	0.03405  	-0.0056  	0.04172  	-0.0146  	0.02320  	0.01508  	0.00018  	0.02513  	0.00861  	-0.0328  	0.04224  	0.01232  	-0.0235  	0.02698  	-0.0059  	-0.0132  	0.03972  	-0.0054  	-0.0069  	-0.0242  	0.03589  	-0.0073  	0.02253  	-0.2797  	
-0.1533  	-0.0417  	-0.0503  	0.49821  	0.05272  	0.32271  	0.14278  	-0.7184  	0.14916  	-0.0063  	0.09775  	0.26687  	-0.0134  	-0.6632  	-1.0101  	0.78680  	-0.0944  	0.31955  	-0.2804  	0.48939  	-0.1688  	-0.2113  	-0.5808  	0.23552  	-0.0926  	-0.1324  	-0.4213  	0.03078  	-0.0046  	-0.0944  	-0.2233  	0.23330  	0.21867  	-0.0407  	0.12504  	0.32761  	0.06563  	-0.0095  	-0.1548  	0.23472  	0.01167  	0.03877  	0.00896  	-0.0259  	-0.0759  	-0.0477  	0.03482  	-0.0010  	0.04729  	-0.0204  	0.02034  	0.01543  	0.00230  	0.02447  	0.01197  	-0.0347  	0.03822  	0.00800  	-0.0231  	0.02365  	-0.0040  	-0.0139  	0.03413  	-0.0011  	-0.0069  	-0.0242  	0.03589  	-0.0073  	0.02253  	-0.2797  	
-0.1732  	-0.0217  	-0.0735  	0.59292  	0.13463  	0.34332  	0.11153  	-0.7029  	0.14979  	0.00200  	0.13508  	0.35035  	-0.0247  	-0.5676  	-0.9109  	0.76165  	-0.0945  	0.29929  	-0.2886  	0.49685  	-0.1339  	-0.2076  	-0.6040  	0.29029  	-0.1263  	-0.1366  	-0.3941  	0.02672  	-0.0391  	-0.0931  	-0.2049  	0.23992  	0.23925  	-0.0476  	0.18687  	0.29640  	0.05995  	-0.0438  	-0.1660  	0.23803  	-0.0414  	0.04474  	0.01240  	-0.0378  	-0.0678  	-0.0510  	0.03912  	-0.0105  	0.04962  	-0.0205  	0.02475  	0.00838  	-0.0045  	0.02482  	0.00644  	-0.0299  	0.03955  	0.00588  	-0.0255  	0.03097  	-0.0071  	-0.0032  	0.03005  	-0.0039  	-0.0069  	-0.0242  	0.03589  	-0.0073  	0.02253  	-0.2797  	
-0.1109  	-0.0075  	-0.0540  	0.74290  	0.16960  	0.37436  	0.07623  	-0.6054  	0.17712  	-0.0516  	0.06687  	0.42190  	0.00998  	-0.4888  	-0.7245  	0.82515  	-0.0760  	0.25968  	-0.2945  	0.45266  	-0.0475  	-0.2246  	-0.5553  	0.30788  	-0.2385  	-0.1276  	-0.3773  	-0.0692  	-0.0876  	-0.1175  	-0.2145  	0.24409  	0.24890  	-0.0491  	0.21245  	0.20294  	0.08704  	-0.0167  	-0.1804  	0.26399  	-0.0353  	0.03957  	0.00560  	-0.0163  	-0.0786  	-0.0477  	0.03663  	-0.0032  	0.04771  	-0.0167  	0.00982  	0.01286  	-0.0027  	0.02597  	0.00383  	-0.0327  	0.03353  	0.00234  	-0.0219  	0.02949  	0.00210  	0.00039  	0.02547  	-0.0053  	-0.0069  	-0.0242  	0.03589  	-0.0073  	0.02253  	-0.2797  	
0.11266  	0.09722  	0.16735  	0.59300  	0.03445  	0.51169  	0.13475  	-0.5140  	0.23012  	-0.0192  	0.10133  	0.35618  	0.05054  	-0.3691  	-0.7511  	0.88348  	-0.0932  	0.25851  	-0.2747  	0.42486  	0.08385  	-0.1874  	-0.5514  	0.29976  	-0.1962  	-0.1515  	-0.3589  	-0.1968  	-0.1664  	-0.1416  	-0.2184  	0.25265  	0.28962  	-0.0588  	0.23518  	0.16410  	0.18904  	0.00839  	-0.1847  	0.21331  	-0.0211  	0.03982  	0.01491  	-0.0200  	-0.0786  	-0.0423  	0.02882  	0.01042  	0.05621  	-0.0140  	0.01351  	0.01468  	0.00186  	0.02408  	0.00456  	-0.0205  	0.02164  	0.00111  	-0.0304  	0.03375  	0.00772  	-0.0002  	0.02913  	-0.0055  	-0.0069  	-0.0242  	0.03589  	-0.0073  	0.02253  	-0.2797  	
0.19712  	0.07804  	0.22997  	0.60001  	0.01273  	0.48193  	0.15391  	-0.5207  	0.23318  	0.01092  	0.18912  	0.39953  	0.01601  	-0.4132  	-0.8616  	0.94574  	-0.1110  	0.26327  	-0.2742  	0.43596  	0.08270  	-0.1908  	-0.5372  	0.24675  	-0.1798  	-0.1640  	-0.4085  	-0.2019  	-0.1597  	-0.1366  	-0.2313  	0.25096  	0.28223  	-0.0546  	0.22238  	0.17584  	0.18825  	0.02080  	-0.1771  	0.22087  	-0.0070  	0.02511  	0.03978  	-0.0184  	-0.0749  	-0.0421  	0.02588  	0.02227  	0.05908  	-0.0214  	0.01518  	0.00912  	0.00309  	0.02070  	0.00247  	-0.0216  	0.02435  	0.00342  	-0.0331  	0.03213  	0.00275  	-0.0045  	0.03282  	-0.0062  	-0.0069  	-0.0242  	0.03589  	-0.0073  	0.02253  	-0.2797  	
-0.0231  	-0.0179  	0.09981  	0.64701  	0.12098  	0.42275  	0.14111  	-0.6199  	0.16982  	0.03913  	0.13329  	0.30758  	0.00548  	-0.4562  	-0.8924  	0.88351  	-0.0855  	0.27580  	-0.2658  	0.43294  	-0.0097  	-0.2098  	-0.5663  	0.29071  	-0.1225  	-0.1596  	-0.3398  	-0.1862  	-0.1489  	-0.1188  	-0.2154  	0.25032  	0.25918  	-0.0693  	0.22394  	0.21638  	0.16467  	0.00483  	-0.2099  	0.22891  	-0.0087  	0.04396  	0.03293  	-0.0202  	-0.0752  	-0.0475  	0.04700  	0.00390  	0.06400  	-0.0190  	0.00082  	0.01525  	-0.0044  	0.02881  	0.00612  	-0.0373  	0.02276  	0.00205  	-0.0285  	0.03423  	-0.0003  	-0.0069  	0.03402  	-0.0128  	-0.0069  	-0.0242  	0.03589  	-0.0073  	0.02253  	-0.2797  	
-0.1763  	-0.0696  	-0.0160  	0.45620  	0.01804  	0.32796  	0.11134  	-0.6664  	0.15664  	0.02414  	0.21581  	0.27593  	-0.0268  	-0.6617  	-0.9407  	0.83304  	-0.0654  	0.28986  	-0.2587  	0.45035  	0.00679  	-0.2351  	-0.5227  	0.30245  	-0.1763  	-0.1193  	-0.4053  	-0.1530  	-0.1607  	-0.1407  	-0.1957  	0.23772  	0.25292  	-0.0473  	0.21025  	0.23790  	0.14906  	0.00140  	-0.2023  	0.24361  	0.00635  	0.02936  	0.01361  	-0.0126  	-0.0762  	-0.0474  	0.04397  	-0.0143  	0.03831  	-0.0059  	0.01213  	0.01357  	-0.0005  	0.03206  	0.00642  	-0.0349  	0.02958  	-0.0009  	-0.0344  	0.03236  	-0.0001  	-0.0052  	0.03604  	-0.0009  	-0.0069  	-0.0242  	0.03589  	-0.0073  	0.02253  	-0.2797  	
-0.2468  	-0.0488  	0.00178  	0.38761  	-0.0720  	0.29908  	0.06075  	-0.6530  	0.11402  	-0.0340  	0.19800  	0.26455  	-0.0234  	-0.7726  	-0.9755  	0.72356  	0.01707  	0.18031  	-0.2001  	0.22678  	-0.0202  	-0.3958  	-0.7028  	0.23670  	-0.2368  	-0.0410  	-0.4115  	-0.1714  	-0.0121  	-0.1603  	-0.1079  	0.19926  	0.15688  	-0.1913  	0.06460  	0.24974  	0.05691  	0.00905  	-0.2734  	0.17520  	0.10908  	0.12195  	-0.0750  	0.04739  	-0.1297  	-0.0290  	0.02038  	0.00683  	0.02096  	-0.0237  	0.01502  	0.02007  	0.00155  	0.03688  	0.00789  	-0.0372  	0.02896  	-0.0023  	-0.0275  	0.03782  	0.00700  	-0.0082  	0.01629  	-0.0025  	-0.0069  	-0.0242  	0.03589  	-0.0073  	0.02253  	-0.2797  	
-0.2602  	-0.0081  	-0.0003  	0.40275  	-0.0267  	0.24390  	0.08776  	-0.6225  	0.12447  	0.01269  	0.18121  	0.28596  	0.04118  	-0.7562  	-0.9777  	0.68948  	0.05116  	0.10179  	-0.1755  	0.09174  	-0.0763  	-0.5513  	-0.9348  	0.16587  	-0.2946  	0.03648  	-0.5128  	-0.1016  	0.14056  	-0.1690  	-0.0194  	0.13825  	0.10862  	-0.2841  	-0.0400  	0.25465  	-0.0845  	-0.0202  	-0.3125  	0.12367  	0.18866  	0.20289  	-0.1299  	0.09553  	-0.1673  	-0.0158  	0.00352  	0.02909  	0.01904  	-0.0319  	0.01808  	0.01948  	0.00244  	0.05076  	0.01561  	-0.0406  	0.02986  	-0.0099  	-0.0297  	0.04030  	0.01008  	-0.0056  	0.00963  	0.00130  	-0.0069  	-0.0242  	0.03589  	-0.0073  	0.02253  	-0.2797  	
-0.2717  	-0.0257  	0.02403  	0.38676  	-0.0214  	0.21841  	0.04761  	-0.6155  	0.11940  	0.01718  	0.23773  	0.27994  	0.05421  	-0.7707  	-0.9740  	0.69565  	0.06852  	0.05784  	-0.1628  	0.04427  	-0.0302  	-0.6128  	-0.9818  	0.18819  	-0.2868  	0.04190  	-0.4947  	-0.1637  	0.09778  	-0.1738  	-0.0089  	0.14278  	0.09966  	-0.3153  	-0.0138  	0.24114  	-0.0646  	-0.0140  	-0.3537  	0.09818  	0.19314  	0.22332  	-0.1570  	0.10608  	-0.1688  	-0.0117  	0.00157  	0.03130  	0.01686  	-0.0382  	0.01928  	0.01967  	0.00389  	0.05165  	0.01608  	-0.0429  	0.02994  	-0.0083  	-0.0297  	0.03923  	0.01217  	-0.0124  	0.01286  	0.00092  	-0.0069  	-0.0242  	0.03589  	-0.0073  	0.02253  	-0.2797  	
-0.3191  	-0.0678  	-0.0245  	0.29559  	-0.0641  	0.16073  	0.08793  	-0.6455  	0.11067  	0.03560  	0.24619  	0.24475  	0.03037  	-0.7905  	-1.0200  	0.67911  	0.05050  	0.08403  	-0.1744  	0.10654  	-0.0663  	-0.5737  	-0.9211  	0.20691  	-0.2359  	0.02320  	-0.4511  	-0.1482  	0.08818  	-0.1604  	-0.0170  	0.14831  	0.09594  	-0.2879  	-0.0140  	0.26279  	-0.0627  	-0.0133  	-0.3334  	0.10955  	0.16879  	0.21369  	-0.1488  	0.08857  	-0.1585  	-0.0174  	0.00327  	0.02592  	0.02036  	-0.0345  	0.01895  	0.02211  	0.00165  	0.05028  	0.01508  	-0.0387  	0.02341  	-0.0120  	-0.0255  	0.04437  	0.01029  	-0.0111  	0.01045  	-0.0063  	-0.0069  	-0.0242  	0.03589  	-0.0073  	0.02253  	-0.2797  	
-0.4424  	-0.1069  	-0.1447  	0.33245  	-0.0168  	0.08822  	0.10028  	-0.6713  	0.11267  	0.09340  	0.32650  	0.28531  	-0.0162  	-0.7288  	-1.0577  	0.70505  	-0.0322  	0.17856  	-0.2402  	0.28723  	-0.1046  	-0.4265  	-0.7744  	0.25428  	-0.2382  	-0.0334  	-0.4701  	-0.0935  	0.05423  	-0.1572  	-0.0863  	0.17760  	0.16069  	-0.1814  	0.06977  	0.28360  	-0.0116  	-0.0193  	-0.2608  	0.17641  	0.10419  	0.13746  	-0.0908  	0.03559  	-0.1200  	-0.0281  	0.02488  	0.00200  	0.02857  	-0.0280  	0.01129  	0.02096  	0.00226  	0.03944  	0.01093  	-0.0445  	0.03065  	-0.0073  	-0.0273  	0.03511  	0.00857  	-0.0025  	0.02073  	-0.0038  	-0.0069  	-0.0242  	0.03589  	-0.0073  	0.02253  	-0.2797  	
-0.4834  	-0.1185  	-0.2050  	0.27272  	-0.0407  	0.06159  	0.10532  	-0.7116  	0.13916  	0.11356  	0.34863  	0.29011  	-0.0741  	-0.7002  	-1.1071  	0.73643  	-0.0964  	0.30537  	-0.2916  	0.50615  	-0.1185  	-0.2484  	-0.5638  	0.25421  	-0.2200  	-0.1092  	-0.4654  	-0.0187  	-0.0324  	-0.1527  	-0.1850  	0.21614  	0.23392  	-0.0453  	0.12214  	0.27503  	0.05498  	-0.0105  	-0.1726  	0.24195  	0.03103  	0.02159  	0.00217  	-0.0382  	-0.0692  	-0.0484  	0.04497  	-0.0174  	0.03359  	-0.0103  	0.00678  	0.01544  	-0.0013  	0.02471  	0.00679  	-0.0417  	0.03037  	0.00374  	-0.0340  	0.03325  	0.00305  	-0.0027  	0.03123  	-0.0023  	-0.0069  	-0.0242  	0.03589  	-0.0073  	0.02253  	-0.2797  	
-0.4486  	-0.0942  	-0.1614  	0.24945  	-0.0651  	0.12833  	0.12282  	-0.7063  	0.14431  	0.10746  	0.32806  	0.26002  	-0.0562  	-0.7111  	-1.1157  	0.75320  	-0.0933  	0.30234  	-0.2859  	0.48634  	-0.1181  	-0.2415  	-0.5436  	0.24635  	-0.1965  	-0.1074  	-0.4747  	-0.0429  	-0.0488  	-0.1590  	-0.1780  	0.21474  	0.24294  	-0.0495  	0.10675  	0.26118  	0.07651  	-0.0145  	-0.1610  	0.22592  	0.05299  	0.02404  	0.01503  	-0.0259  	-0.0733  	-0.0445  	0.04238  	-0.0129  	0.03809  	-0.0139  	0.00470  	0.01664  	-0.0001  	0.02583  	0.00610  	-0.0377  	0.02928  	0.00433  	-0.0301  	0.03210  	0.00719  	-0.0011  	0.02818  	-0.0033  	-0.0069  	-0.0242  	0.03589  	-0.0073  	0.02253  	-0.2797  	
-0.2698  	-0.0356  	-0.0533  	0.35786  	-0.0308  	0.28167  	0.11054  	-0.6769  	0.16875  	0.04883  	0.17244  	0.30454  	-0.0122  	-0.6184  	-1.0037  	0.74362  	-0.0530  	0.29404  	-0.2892  	0.46179  	-0.0986  	-0.2114  	-0.5266  	0.24472  	-0.2245  	-0.1044  	-0.4476  	-0.0639  	-0.0580  	-0.1487  	-0.1645  	0.21390  	0.25779  	-0.0522  	0.10373  	0.23443  	0.07486  	-0.0236  	-0.1492  	0.24017  	0.03781  	0.02152  	0.02546  	-0.0244  	-0.0826  	-0.0431  	0.04288  	-0.0008  	0.03919  	-0.0132  	0.00763  	0.01483  	-0.0069  	0.02067  	0.00446  	-0.0369  	0.02749  	0.00442  	-0.0297  	0.03023  	0.00458  	-0.0028  	0.03664  	-0.0042  	-0.0069  	-0.0242  	0.03589  	-0.0073  	0.02253  	-0.2797  	
0.16175  	0.04982  	0.17967  	0.61837  	-0.0040  	0.48843  	0.13354  	-0.5260  	0.21662  	-0.0124  	0.15510  	0.28292  	0.04998  	-0.3776  	-0.7995  	0.87716  	-0.0850  	0.24291  	-0.2805  	0.40775  	0.05737  	-0.1827  	-0.5500  	0.27218  	-0.1693  	-0.1423  	-0.3793  	-0.2291  	-0.1725  	-0.1293  	-0.1901  	0.25528  	0.27159  	-0.0545  	0.21406  	0.18966  	0.18723  	0.03054  	-0.1835  	0.22055  	0.01590  	0.02347  	0.04109  	-0.0201  	-0.0838  	-0.0482  	0.03239  	0.01663  	0.05472  	-0.0117  	0.00421  	0.01604  	0.00156  	0.03032  	0.00525  	-0.0286  	0.02211  	-2.9896  	-0.0357  	0.03785  	0.00207  	0.01002  	0.03534  	-0.0093  	-0.0069  	-0.0242  	0.03589  	-0.0073  	0.02253  	-0.2797  	
0.27609  	0.10693  	0.26108  	0.56288  	0.01396  	0.52072  	0.20591  	-0.5176  	0.21634  	0.06430  	0.00868  	0.16522  	0.11083  	-0.3134  	-0.7468  	0.74214  	-0.0923  	0.23895  	-0.2652  	0.31528  	0.00912  	-0.0908  	-0.4835  	0.29574  	-0.0274  	-0.1812  	-0.3099  	-0.2670  	-0.0823  	-0.0796  	-0.1828  	0.22428  	0.24412  	-0.0712  	0.17275  	0.20094  	0.15806  	-0.0023  	-0.1579  	0.25150  	-0.0122  	0.04060  	0.05055  	-0.0075  	-0.0949  	-0.0405  	0.01363  	0.04318  	0.07799  	-0.0226  	0.01830  	0.01599  	0.00249  	0.02337  	0.00035  	-0.0094  	0.01562  	-0.0017  	-0.0344  	0.04065  	0.00199  	0.00558  	0.02579  	-0.0157  	-0.0069  	-0.0242  	0.03589  	-0.0073  	0.02253  	-0.2797  	
0.03708  	0.03298  	0.12635  	0.57902  	0.07829  	0.31916  	0.17709  	-0.5995  	0.15826  	0.13806  	0.05873  	0.15858  	0.10550  	-0.2538  	-0.7261  	0.68970  	-0.0877  	0.19485  	-0.2772  	0.41743  	-0.0197  	-0.1436  	-0.6173  	0.33893  	-0.0324  	-0.1921  	-0.2122  	-0.2856  	-0.1500  	-0.0726  	-0.2043  	0.26139  	0.24469  	-0.0634  	0.26431  	0.22669  	0.17569  	-0.0172  	-0.1765  	0.28355  	-0.0381  	0.05649  	0.01169  	-0.0122  	-0.0642  	-0.0477  	0.03161  	0.00997  	0.05875  	-0.0137  	0.01476  	0.01556  	-0.0042  	0.02762  	0.00460  	-0.0278  	0.02102  	-0.0006  	-0.0349  	0.03997  	0.00558  	-0.0013  	0.02690  	-0.0066  	-0.0069  	-0.0242  	0.03589  	-0.0073  	0.02253  	-0.2797  	
-0.2490  	-0.0477  	-0.1113  	0.64002  	0.14269  	0.25442  	0.12060  	-0.6592  	0.14763  	0.08133  	0.23573  	0.37861  	0.01937  	-0.4440  	-0.8136  	0.76970  	-0.1331  	0.27152  	-0.3062  	0.50717  	0.00105  	-0.2072  	-0.6282  	0.34285  	-0.2332  	-0.1465  	-0.4127  	-0.1183  	-0.1455  	-0.1343  	-0.2012  	0.24017  	0.26087  	-0.0377  	0.24820  	0.20275  	0.10075  	-0.0184  	-0.2229  	0.24590  	-0.0374  	0.04119  	-0.0248  	-0.0409  	-0.0743  	-0.0436  	0.04371  	-0.0126  	0.03870  	-0.0064  	0.02139  	0.01332  	-0.0084  	0.02305  	0.00437  	-0.0342  	0.03557  	0.00181  	-0.0317  	0.02905  	0.00516  	0.00115  	0.03199  	-0.0105  	-0.0069  	-0.0242  	0.03589  	-0.0073  	0.02253  	-0.2797  	
-0.2652  	-0.0573  	-0.0846  	0.45982  	0.04259  	0.29249  	0.10602  	-0.6771  	0.15299  	0.04827  	0.23453  	0.34402  	-0.0444  	-0.6230  	-0.9958  	0.76953  	-0.1103  	0.35030  	-0.2958  	0.51292  	-0.0802  	-0.2528  	-0.5597  	0.25974  	-0.2294  	-0.1316  	-0.4756  	-0.0227  	-0.0563  	-0.1190  	-0.1801  	0.21181  	0.26104  	-0.0367  	0.16173  	0.24137  	0.07059  	-0.0203  	-0.1624  	0.24150  	0.01994  	0.02583  	0.00780  	-0.0262  	-0.0725  	-0.0387  	0.03857  	-0.0180  	0.04008  	-0.0179  	0.01474  	0.01494  	0.00032  	0.02079  	0.00482  	-0.0330  	0.03354  	0.00657  	-0.0276  	0.03219  	0.00177  	-0.0067  	0.03142  	-0.0045  	-0.0069  	-0.0242  	0.03589  	-0.0073  	0.02253  	-0.2797  	
-0.2991  	-0.0673  	-0.1117  	0.31672  	-0.0318  	0.29609  	0.08575  	-0.7175  	0.13346  	0.03634  	0.14425  	0.28411  	-0.0452  	-0.7643  	-1.0563  	0.76308  	-0.0574  	0.36224  	-0.2788  	0.47909  	-0.1797  	-0.2352  	-0.5327  	0.17726  	-0.1723  	-0.1111  	-0.4836  	0.02240  	0.03126  	-0.1304  	-0.1718  	0.20028  	0.23152  	-0.0461  	0.02011  	0.28240  	0.03065  	-0.0197  	-0.1276  	0.25550  	0.06693  	0.01403  	0.03332  	-0.0115  	-0.0779  	-0.0458  	0.04056  	-0.0047  	0.03780  	-0.0105  	0.00560  	0.01487  	-0.0010  	0.02534  	0.00555  	-0.0408  	0.03137  	0.00509  	-0.0277  	0.03015  	0.00358  	-0.0052  	0.03613  	-0.0011  	-0.0069  	-0.0242  	0.03589  	-0.0073  	0.02253  	-0.2797  	
-0.2083  	-0.0567  	-0.0658  	0.41427  	-0.0147  	0.34145  	0.08437  	-0.6868  	0.13083  	0.00515  	0.16614  	0.32813  	-0.0473  	-0.7161  	-0.9896  	0.79073  	-0.0748  	0.32197  	-0.2859  	0.48925  	-0.1444  	-0.2533  	-0.5526  	0.22773  	-0.1588  	-0.1213  	-0.4220  	-0.0049  	-0.0444  	-0.1382  	-0.1986  	0.22530  	0.25338  	-0.0512  	0.12842  	0.28189  	0.08193  	-0.0036  	-0.1565  	0.24057  	0.02118  	0.03188  	0.02815  	-0.0094  	-0.0801  	-0.0451  	0.04271  	-0.0001  	0.04098  	-0.0110  	0.01150  	0.01912  	0.00146  	0.02525  	0.00370  	-0.0390  	0.03650  	0.00921  	-0.0322  	0.02800  	0.00404  	-0.0102  	0.03668  	-0.0029  	-0.0069  	-0.0242  	0.03589  	-0.0073  	0.02253  	-0.2797  	
-0.1576  	-0.0353  	-0.0168  	0.43616  	0.03251  	0.33238  	0.12939  	-0.6892  	0.15920  	0.02728  	0.18003  	0.28871  	-0.0270  	-0.6878  	-0.9923  	0.83669  	-0.1063  	0.33397  	-0.2897  	0.47700  	-0.1720  	-0.2608  	-0.5859  	0.21071  	-0.1585  	-0.1267  	-0.4466  	0.03461  	-0.0150  	-0.1395  	-0.1866  	0.23306  	0.25670  	-0.0435  	0.15444  	0.29815  	0.06281  	-0.0141  	-0.1436  	0.24652  	0.02997  	0.02425  	0.01819  	-0.0259  	-0.0777  	-0.0439  	0.04191  	0.00483  	0.03997  	-0.0146  	0.02100  	0.01715  	0.00126  	0.02034  	0.00659  	-0.0352  	0.03609  	0.00825  	-0.0334  	0.02817  	0.00144  	-0.0099  	0.04016  	0.00042  	-0.0069  	-0.0242  	0.03589  	-0.0073  	0.02253  	-0.2797  	
-0.1017  	-0.0280  	0.02770  	0.44996  	0.01406  	0.31773  	0.15160  	-0.7004  	0.17558  	0.09669  	0.19348  	0.29822  	-0.0347  	-0.6750  	-1.0418  	0.86530  	-0.1241  	0.34152  	-0.2838  	0.50523  	-0.1680  	-0.2651  	-0.6187  	0.18346  	-0.1693  	-0.1526  	-0.4639  	0.04827  	-0.0095  	-0.1236  	-0.2039  	0.24026  	0.23581  	-0.0377  	0.16021  	0.31806  	0.05949  	-0.0181  	-0.1511  	0.25866  	0.01586  	0.03417  	0.01208  	-0.0177  	-0.0808  	-0.0434  	0.03447  	0.00076  	0.04199  	-0.0194  	0.02167  	0.01697  	-0.0002  	0.02206  	0.00838  	-0.0330  	0.03866  	0.00826  	-0.0278  	0.02667  	0.00017  	-0.0078  	0.03546  	-0.0018  	-0.0069  	-0.0242  	0.03589  	-0.0073  	0.02253  	-0.2797  	
-0.0679  	-0.0257  	0.08205  	0.38784  	-0.0202  	0.31386  	0.16892  	-0.7345  	0.16770  	0.08883  	0.20967  	0.27147  	-0.0246  	-0.6891  	-1.1275  	0.90039  	-0.1341  	0.36675  	-0.2933  	0.55798  	-0.2035  	-0.2733  	-0.6470  	0.16614  	-0.1976  	-0.1450  	-0.5160  	0.05944  	-0.0062  	-0.1424  	-0.1989  	0.22896  	0.24834  	-0.0341  	0.12903  	0.33865  	0.04771  	-0.0167  	-0.1421  	0.27200  	0.03383  	0.02463  	0.01550  	-0.0345  	-0.0843  	-0.0465  	0.03584  	0.00475  	0.05162  	-0.0120  	0.02831  	0.01630  	0.00058  	0.02179  	0.00990  	-0.0340  	0.03540  	0.00707  	-0.0327  	0.02584  	-0.0008  	-0.0040  	0.03664  	-0.0052  	-0.0069  	-0.0242  	0.03589  	-0.0073  	0.02253  	-0.2797  	
-0.2395  	-0.0726  	-0.0478  	0.35190  	-0.0492  	0.22622  	0.13128  	-0.7365  	0.14029  	0.10677  	0.21123  	0.21193  	-0.0155  	-0.6794  	-1.1390  	0.80321  	-0.1233  	0.32944  	-0.3021  	0.51367  	-0.1638  	-0.2574  	-0.6148  	0.20682  	-0.1384  	-0.1270  	-0.4784  	0.03049  	-0.0040  	-0.1305  	-0.1866  	0.23306  	0.24337  	-0.0466  	0.12345  	0.33975  	0.05095  	-0.0294  	-0.1599  	0.26807  	0.04322  	0.03871  	0.01158  	-0.0240  	-0.0692  	-0.0450  	0.04060  	-0.0001  	0.04044  	-0.0165  	0.01999  	0.02081  	0.00071  	0.02308  	0.00251  	-0.0388  	0.03524  	0.00444  	-0.0278  	0.02917  	0.00303  	-0.0063  	0.03326  	-0.0054  	-0.0069  	-0.0242  	0.03589  	-0.0073  	0.02253  	-0.2797  	
-0.3541  	-0.0984  	-0.1415  	0.43880  	0.02546  	0.18902  	0.11645  	-0.7241  	0.12472  	0.05056  	0.24711  	0.32336  	-0.0516  	-0.6084  	-1.0038  	0.73434  	-0.1078  	0.31941  	-0.2817  	0.48346  	-0.1200  	-0.2309  	-0.6037  	0.24272  	-0.1387  	-0.1287  	-0.4228  	-0.0328  	-0.0222  	-0.1309  	-0.2011  	0.22502  	0.24530  	-0.0542  	0.15166  	0.30451  	0.07058  	-0.0319  	-0.1692  	0.24185  	-0.0016  	0.03855  	0.00183  	-0.0295  	-0.0606  	-0.0478  	0.03656  	-0.0125  	0.03195  	-0.0213  	0.01161  	0.01342  	0.00331  	0.02488  	0.00890  	-0.0359  	0.03781  	0.00681  	-0.0241  	0.03374  	0.00202  	-0.0106  	0.03278  	-0.0039  	-0.0069  	-0.0242  	0.03589  	-0.0073  	0.02253  	-0.2797  	
-0.3560  	-0.1015  	-0.1617  	0.44072  	0.02860  	0.19156  	0.09353  	-0.6900  	0.13203  	0.03281  	0.26150  	0.34572  	-0.0470  	-0.6138  	-0.9914  	0.70253  	-0.1000  	0.29553  	-0.2976  	0.48899  	-0.0638  	-0.2643  	-0.5759  	0.24654  	-0.2053  	-0.1353  	-0.4111  	-0.0651  	-0.0434  	-0.1439  	-0.2101  	0.22586  	0.23847  	-0.0548  	0.17580  	0.26860  	0.08558  	-0.0088  	-0.1807  	0.23001  	-0.0031  	0.02848  	-0.0024  	-0.0313  	-0.0614  	-0.0459  	0.04267  	-0.0133  	0.03341  	-0.0147  	0.01020  	0.01279  	-0.0043  	0.02149  	0.00479  	-0.0359  	0.03563  	0.00596  	-0.0268  	0.02639  	0.00555  	-0.0050  	0.03991  	7.90477  	-0.0069  	-0.0242  	0.03589  	-0.0073  	0.02253  	-0.2797  	
-0.2193  	-0.0307  	-0.0652  	0.47926  	0.03428  	0.29181  	0.08313  	-0.6439  	0.17379  	-0.0068  	0.13931  	0.36831  	-0.0031  	-0.5606  	-0.8854  	0.73486  	-0.0833  	0.29864  	-0.2900  	0.44884  	-0.0837  	-0.2155  	-0.5520  	0.25628  	-0.2247  	-0.1226  	-0.4404  	-0.0456  	-0.0570  	-0.1295  	-0.1922  	0.22322  	0.26253  	-0.0545  	0.15091  	0.22513  	0.06705  	-0.0180  	-0.1546  	0.24051  	0.00668  	0.03226  	0.01365  	-0.0295  	-0.0760  	-0.0435  	0.04371  	-0.0039  	0.04302  	-0.0123  	0.01059  	0.01767  	-0.0037  	0.02305  	0.00121  	-0.0384  	0.03121  	0.00259  	-0.0271  	0.02516  	0.00509  	-0.0050  	0.03108  	-0.0052  	-0.0069  	-0.0242  	0.03589  	-0.0073  	0.02253  	-0.2797  	
-0.1107  	-0.0181  	0.03649  	0.54421  	0.01687  	0.36178  	0.12354  	-0.6503  	0.17337  	0.02189  	0.11684  	0.30354  	-0.0005  	-0.5683  	-0.8968  	0.79436  	-0.0893  	0.32015  	-0.2814  	0.44783  	-0.0920  	-0.2144  	-0.5531  	0.22649  	-0.2086  	-0.1212  	-0.4670  	-0.0448  	-0.0529  	-0.1373  	-0.1907  	0.22490  	0.26127  	-0.0430  	0.13333  	0.24813  	0.08836  	-0.0218  	-0.1537  	0.25697  	0.02535  	0.03368  	0.03537  	-0.0192  	-0.0868  	-0.0439  	0.03592  	0.01289  	0.04606  	-0.0173  	0.01553  	0.01365  	-0.0014  	0.02501  	0.00365  	-0.0313  	0.02977  	0.00524  	-0.0254  	0.03013  	0.00280  	-0.0032  	0.03093  	-0.0009  	-0.0069  	-0.0242  	0.03589  	-0.0073  	0.02253  	-0.2797  	
0.01350  	0.05991  	0.11300  	0.54457  	0.03731  	0.41519  	0.13040  	-0.5867  	0.19590  	0.02169  	0.13998  	0.32112  	0.01925  	-0.4939  	-0.8871  	0.85693  	-0.0962  	0.30403  	-0.2798  	0.46289  	0.00605  	-0.2157  	-0.5723  	0.22382  	-0.2286  	-0.1339  	-0.4637  	-0.1237  	-0.0951  	-0.1610  	-0.1965  	0.22842  	0.27548  	-0.0469  	0.18311  	0.21492  	0.12373  	0.00787  	-0.1579  	0.23180  	0.02854  	0.02341  	0.03971  	-0.0201  	-0.0793  	-0.0491  	0.03875  	0.00704  	0.04715  	-0.0101  	0.00885  	0.01374  	-0.0007  	0.02446  	0.00641  	-0.0316  	0.03134  	0.00424  	-0.0358  	0.02506  	0.00348  	-0.0019  	0.03202  	-0.0036  	-0.0069  	-0.0242  	0.03589  	-0.0073  	0.02253  	-0.2797  	
-0.1147  	0.03868  	0.05115  	0.44948  	-0.0377  	0.33508  	0.10750  	-0.5813  	0.20028  	0.02409  	0.20262  	0.30176  	0.01016  	-0.5041  	-0.9640  	0.84399  	-0.1043  	0.31862  	-0.2773  	0.45958  	-0.0127  	-0.2300  	-0.5637  	0.22598  	-0.2349  	-0.1315  	-0.4498  	-0.0912  	-0.0906  	-0.1623  	-0.1773  	0.22207  	0.29121  	-0.0523  	0.17822  	0.21243  	0.11936  	-0.0023  	-0.1788  	0.22693  	0.04398  	0.02592  	0.02885  	-0.0220  	-0.0783  	-0.0480  	0.03724  	-0.0045  	0.04079  	-0.0050  	0.00297  	0.01458  	0.00310  	0.02322  	0.00676  	-0.0332  	0.02730  	0.00181  	-0.0311  	0.02952  	0.00448  	0.01326  	0.03026  	-0.0017  	-0.0069  	-0.0242  	0.03589  	-0.0073  	0.02253  	-0.2797  	
-0.1858  	-0.0166  	-0.0311  	0.41760  	-0.0272  	0.29397  	0.09540  	-0.6436  	0.17534  	0.00865  	0.22290  	0.29238  	-0.0391  	-0.5939  	-0.9726  	0.8129  	-0.0886  	0.31054  	-0.2898  	0.46291  	-0.0503  	-0.2364  	-0.5662  	0.22655  	-0.2161  	-0.1220  	-0.4512  	-0.0751  	-0.0731  	-0.1445  	-0.1838  	0.22542  	0.26008  	-0.0506  	0.15211  	0.24501  	0.09524  	-0.0100  	-0.1842  	0.22250  	0.04449  	0.03456  	0.01549  	-0.0379  	-0.0691  	-0.0409  	0.04341  	-0.0078  	0.03989  	-0.0098  	0.00641  	0.01056  	-0.0020  	0.01928  	0.00216  	-0.0331  	0.03053  	0.00531  	-0.0307  	0.02416  	0.00233  	0.00264  	0.03443  	-0.0010  	-0.0069  	-0.0242  	0.03589  	-0.0073  	0.02253  	-0.2797  	
-0.2166  	-0.0218  	-0.0448  	0.43249  	-0.0101  	0.28156  	0.08054  	-0.6561  	0.16008  	0.01175  	0.24379  	0.31623  	-0.0659  	-0.6183  	-0.9676  	0.80485  	-0.0862  	0.29100  	-0.2955  	0.44195  	-0.0489  	-0.2367  	-0.5540  	0.21645  	-0.2229  	-0.1174  	-0.4497  	-0.0671  	-0.0875  	-0.1407  	-0.1881  	0.22113  	0.25163  	-0.0495  	0.16012  	0.23593  	0.11406  	-0.0002  	-0.1893  	0.20940  	0.03837  	0.04029  	0.00978  	-0.0379  	-0.0691  	-0.0431  	0.04171  	-0.0134  	0.03637  	-0.0089  	0.00291  	0.01160  	-0.0022  	0.02335  	0.00077  	-0.0350  	0.03269  	0.00292  	-0.0297  	0.02151  	0.00304  	0.00470  	0.03457  	-0.0036  	-0.0069  	-0.0242  	0.03589  	-0.0073  	0.02253  	-0.2797  	
-0.1390  	-0.0060  	-0.0202  	0.46918  	0.00444  	0.29259  	0.07908  	-0.6373  	0.16797  	-0.0097  	0.27011  	0.34431  	-0.0605  	-0.5799  	-0.9044  	0.81161  	-0.0823  	0.26561  	-0.2989  	0.42211  	0.02197  	-0.2420  	-0.5346  	0.25807  	-0.2451  	-0.1269  	-0.4278  	-0.1434  	-0.1380  	-0.1469  	-0.1931  	0.23615  	0.26788  	-0.0575  	0.20279  	0.19237  	0.17101  	0.01327  	-0.2171  	0.19754  	0.04076  	0.03595  	0.00721  	-0.0371  	-0.0735  	-0.0387  	0.04213  	-0.0134  	0.03051  	-0.0087  	0.00343  	0.01467  	-0.0020  	0.02279  	0.00090  	-0.0303  	0.02716  	0.00269  	-0.0310  	0.02639  	0.00592  	0.00111  	0.03030  	-0.0052  	-0.0069  	-0.0242  	0.03589  	-0.0073  	0.02253  	-0.2797  	
0.05240  	0.07288  	0.10295  	0.54747  	-0.0125  	0.41096  	0.10188  	-0.5391  	0.22024  	-0.0274  	0.28656  	0.34436  	-0.0108  	-0.4484  	-0.8285  	0.86806  	-0.0640  	0.22114  	-0.2858  	0.36968  	0.15410  	-0.2270  	-0.4988  	0.30649  	-0.2637  	-0.1427  	-0.3270  	-0.2762  	-0.2769  	-0.1604  	-0.2013  	0.26289  	0.26738  	-0.0656  	0.27799  	0.13426  	0.26273  	0.05229  	-0.2512  	0.18240  	-0.0156  	0.02830  	0.01006  	-0.0314  	-0.0782  	-0.0399  	0.03859  	-0.0067  	0.03798  	-0.0026  	0.00364  	0.01821  	0.00119  	0.02897  	0.00392  	-0.0252  	0.01976  	0.00263  	-0.0300  	0.02658  	0.00716  	0.00481  	0.02654  	-0.0080  	-0.0069  	-0.0242  	0.03589  	-0.0073  	0.02253  	-0.2797  	
0.11154  	0.09596  	0.15227  	0.56177  	-0.0307  	0.46603  	0.10864  	-0.5020  	0.24814  	-0.0505  	0.30049  	0.35164  	-0.0066  	-0.4242  	-0.8059  	0.89156  	-0.0657  	0.19945  	-0.2767  	0.34940  	0.18984  	-0.2161  	-0.4650  	0.33611  	-0.2636  	-0.1487  	-0.3026  	-0.3266  	-0.3190  	-0.1663  	-0.1974  	0.27003  	0.28072  	-0.0683  	0.29647  	0.12133  	0.29427  	0.06081  	-0.2572  	0.17194  	-0.0247  	0.02422  	0.01428  	-0.0297  	-0.0820  	-0.0415  	0.03518  	0.00079  	0.04179  	-0.0014  	0.00306  	0.01794  	0.00033  	0.02965  	0.00192  	-0.0221  	0.02125  	0.00416  	-0.0324  	0.03162  	0.00742  	0.00552  	0.02837  	-0.0074  	-0.0069  	-0.0242  	0.03589  	-0.0073  	0.02253  	-0.2797  	
-0.0306  	0.04394  	0.07301  	0.49158  	-0.0077  	0.37608  	0.10842  	-0.5843  	0.21256  	-0.0133  	0.26356  	0.34751  	0.01157  	-0.5162  	-0.9439  	0.89690  	-0.0966  	0.29371  	-0.2877  	0.44232  	0.03897  	-0.2665  	-0.5583  	0.23844  	-0.2407  	-0.1270  	-0.4339  	-0.0846  	-0.1557  	-0.1615  	-0.1849  	0.23613  	0.29284  	-0.0533  	0.20156  	0.19665  	0.16094  	0.01363  	-0.1915  	0.21908  	0.01941  	0.02345  	0.02747  	-0.0268  	-0.0868  	-0.0464  	0.04123  	-0.0058  	0.03822  	-0.0102  	0.01036  	0.01717  	0.00010  	0.02628  	0.00443  	-0.0302  	0.02805  	0.00384  	-0.0289  	0.02756  	0.00800  	0.00398  	0.03277  	0.00179  	-0.0069  	-0.0242  	0.03589  	-0.0073  	0.02253  	-0.2797  	
-0.0774  	-0.0086  	0.02682  	0.53782  	0.05940  	0.36936  	0.12778  	-0.6538  	0.19320  	0.04574  	0.16519  	0.34577  	-0.0081  	-0.5704  	-1.0179  	0.84850  	-0.1090  	0.32384  	-0.2814  	0.47981  	-0.1253  	-0.2551  	-0.6074  	0.21210  	-0.1801  	-0.1381  	-0.4786  	0.01221  	-0.0389  	-0.1245  	-0.2014  	0.24238  	0.27044  	-0.0498  	0.13542  	0.25654  	0.07339  	-0.0151  	-0.1454  	0.25635  	0.04667  	0.01783  	0.03199  	-0.0199  	-0.0807  	-0.0440  	0.03871  	0.01487  	0.04244  	-0.0182  	0.01341  	0.01541  	-0.0076  	0.02137  	0.00841  	-0.0296  	0.03476  	-0.0008  	-0.0306  	0.02795  	0.00724  	-0.0069  	0.03145  	-0.0028  	-0.0069  	-0.0242  	0.03589  	-0.0073  	0.02253  	-0.2797  	
-0.2131  	-0.0623  	-0.0695  	0.54855  	0.11888  	0.32864  	0.11396  	-0.6922  	0.15382  	0.04127  	0.13080  	0.38854  	-0.0183  	-0.5562  	-1.0045  	0.76644  	-0.1172  	0.34130  	-0.3051  	0.51560  	-0.1700  	-0.1994  	-0.6581  	0.26733  	-0.1613  	-0.1282  	-0.4366  	0.05860  	0.01838  	-0.1005  	-0.2034  	0.22576  	0.26233  	-0.0365  	0.13786  	0.29522  	0.03458  	-0.0415  	-0.1386  	0.26158  	0.00506  	0.04137  	0.02848  	-0.0213  	-0.0678  	-0.0505  	0.03986  	-0.0037  	0.05410  	-0.0214  	0.01842  	0.01175  	-0.0050  	0.02458  	0.00759  	-0.0326  	0.03470  	0.00624  	-0.0285  	0.03191  	-0.0005  	-0.0067  	0.02870  	-0.0016  	-0.0069  	-0.0242  	0.03589  	-0.0073  	0.02253  	-0.2797  	
-0.1791  	-0.0315  	-0.1088  	0.63561  	0.12840  	0.34339  	0.08936  	-0.6480  	0.15113  	-0.0211  	0.12847  	0.39949  	-0.0248  	-0.5227  	-0.8234  	0.80420  	-0.0709  	0.28108  	-0.2698  	0.47405  	-0.0786  	-0.2146  	-0.5662  	0.26781  	-0.1899  	-0.1262  	-0.4053  	-0.0513  	-0.0725  	-0.1035  	-0.2153  	0.22362  	0.26686  	-0.0544  	0.18503  	0.22650  	0.09640  	-0.0289  	-0.1629  	0.22170  	-0.0344  	0.04292  	-0.0118  	-0.0212  	-0.0638  	-0.0461  	0.04098  	-0.0052  	0.04260  	-0.0149  	0.01612  	0.01490  	-0.0037  	0.02465  	0.00401  	-0.0321  	0.03448  	0.00417  	-0.0247  	0.03077  	-0.0014  	-0.0090  	0.02770  	-0.0073  	-0.0069  	-0.0242  	0.03589  	-0.0073  	0.02253  	-0.2797  	
-0.0345  	-0.0135  	0.00119  	0.64912  	0.06035  	0.42187  	0.10055  	-0.6676  	0.16167  	0.00698  	0.07034  	0.36344  	0.02693  	-0.5273  	-0.8052  	0.81575  	-0.0815  	0.28253  	-0.2933  	0.46243  	-0.1004  	-0.2080  	-0.5705  	0.27117  	-0.1419  	-0.1370  	-0.4300  	-0.0538  	-0.0644  	-0.1005  	-0.2178  	0.23514  	0.25272  	-0.0534  	0.18498  	0.25369  	0.06990  	-0.0152  	-0.1513  	0.26148  	-0.0218  	0.03272  	0.01163  	-0.0187  	-0.0768  	-0.0475  	0.03756  	-0.0019  	0.04247  	-0.0182  	0.02299  	0.01228  	-0.0072  	0.02337  	0.00134  	-0.0296  	0.03289  	0.00804  	-0.0268  	0.02319  	-0.0032  	-0.0036  	0.02607  	-0.0044  	-0.0069  	-0.0242  	0.03589  	-0.0073  	0.02253  	-0.2797  	
0.07307  	-0.0217  	0.05655  	0.76857  	0.15485  	0.43348  	0.14036  	-0.6160  	0.14779  	0.05426  	0.14804  	0.39243  	-0.0062  	-0.6010  	-0.9906  	0.94455  	-0.1520  	0.29113  	-0.2528  	0.50666  	-0.1374  	-0.1732  	-0.6682  	0.29995  	-0.0644  	-0.1786  	-0.3466  	-0.0264  	-0.0361  	-0.0853  	-0.2518  	0.24648  	0.24356  	-0.0587  	0.20452  	0.30227  	0.07738  	-0.0209  	-0.1446  	0.26552  	-0.0295  	0.04103  	0.01679  	-0.0248  	-0.0686  	-0.0475  	0.02568  	0.01407  	0.04938  	-0.0216  	0.02421  	0.00833  	-0.0020  	0.01547  	0.00361  	-0.0262  	0.04536  	0.00988  	-0.0267  	0.03015  	-0.0042  	-0.0090  	0.03887  	-0.0070  	-0.0069  	-0.0242  	0.03589  	-0.0073  	0.02253  	-0.2797  	
-0.0025  	-0.0221  	0.03646  	0.66148  	0.13542  	0.41435  	0.13720  	-0.6553  	0.14748  	0.10411  	0.14375  	0.40056  	-0.0344  	-0.6317  	-1.0457  	0.91538  	-0.1210  	0.32615  	-0.2407  	0.52141  	-0.1553  	-0.1922  	-0.6711  	0.28577  	-0.0433  	-0.1791  	-0.3822  	0.01913  	0.01312  	-0.0958  	-0.2463  	0.23170  	0.21301  	-0.0535  	0.15668  	0.35360  	0.07005  	-0.0302  	-0.1348  	0.25268  	-0.0131  	0.03900  	0.02439  	-0.0180  	-0.0704  	-0.0476  	0.02369  	0.02341  	0.05471  	-0.0226  	0.02959  	0.01071  	0.00512  	0.02014  	0.00764  	-0.0232  	0.04270  	0.00733  	-0.0256  	0.03443  	-0.0020  	-0.0122  	0.03426  	-0.0038  	-0.0069  	-0.0242  	0.03589  	-0.0073  	0.02253  	-0.2797  	
0.01580  	-0.0579  	0.01701  	0.70276  	0.10343  	0.43285  	0.09481  	-0.6464  	0.13967  	0.02701  	0.10262  	0.32051  	0.00699  	-0.5346  	-0.8085  	0.80202  	-0.0801  	0.20092  	-0.2526  	0.40258  	-0.0011  	-0.1539  	-0.6295  	0.41547  	-0.1361  	-0.1562  	-0.2944  	-0.2311  	-0.1884  	-0.0924  	-0.2316  	0.28879  	0.21652  	-0.0614  	0.29517  	0.26070  	0.18899  	-0.0295  	-0.2176  	0.24951  	-0.0451  	0.06298  	-0.0096  	-0.0057  	-0.0685  	-0.0453  	0.03092  	-0.0004  	0.05263  	-0.0081  	0.02409  	0.01147  	0.00263  	0.01978  	0.00143  	-0.0275  	0.03746  	0.01043  	-0.0327  	0.03430  	-0.0033  	-0.0159  	0.02581  	-0.0040  	-0.0069  	-0.0242  	0.03589  	-0.0073  	0.02253  	-0.2797  	
0.19840  	0.07694  	0.17198  	0.78306  	0.14384  	0.54758  	0.17940  	-0.5656  	0.19697  	0.04803  	-0.1062  	0.25709  	0.15849  	-0.2470  	-0.5634  	0.72270  	-0.1013  	0.23899  	-0.2954  	0.39365  	-0.0623  	-0.1548  	-0.5570  	0.24875  	-0.1213  	-0.1626  	-0.3501  	-0.1637  	-0.0053  	-0.0693  	-0.2174  	0.20914  	0.25748  	-0.0418  	0.21075  	0.21362  	0.07247  	-0.0396  	-0.1180  	0.27507  	-0.0308  	0.05401  	0.01950  	-0.0133  	-0.0823  	-0.0387  	0.02618  	0.03199  	0.06539  	-0.0217  	0.02165  	0.01357  	0.00184  	0.02422  	0.00692  	-0.0200  	0.02562  	0.00103  	-0.0315  	0.03081  	0.00539  	0.00024  	0.02235  	-0.0160  	-0.0069  	-0.0242  	0.03589  	-0.0073  	0.02253  	-0.2797  	
0.18460  	0.05440  	0.13989  	0.67244  	0.11087  	0.49793  	0.21996  	-0.5880  	0.17325  	0.08985  	-0.1001  	0.11813  	0.15914  	-0.2279  	-0.5609  	0.65334  	-0.0769  	0.19619  	-0.2867  	0.32354  	-0.0567  	-0.1012  	-0.5417  	0.29334  	-0.0499  	-0.1613  	-0.2571  	-0.2388  	-0.0293  	-0.0602  	-0.2126  	0.22836  	0.22793  	-0.0448  	0.21506  	0.23474  	0.08083  	-0.0197  	-0.1354  	0.28235  	-0.0355  	0.05248  	0.02212  	-0.0202  	-0.0916  	-0.0449  	0.02217  	0.03547  	0.06990  	-0.0198  	0.02092  	0.01092  	-0.0041  	0.02129  	0.00876  	-0.0276  	0.02225  	0.00528  	-0.0358  	0.03485  	0.00673  	-0.0087  	0.02882  	-0.0124  	-0.0069  	-0.0242  	0.03589  	-0.0073  	0.02253  	-0.2797  	
-0.0205  	0.05671  	0.11617  	0.62808  	0.05695  	0.34918  	0.18115  	-0.6321  	0.17253  	0.09965  	0.03253  	0.14114  	0.02056  	-0.3855  	-0.6679  	0.76689  	-0.0549  	0.20373  	-0.3040  	0.43485  	0.02512  	-0.1422  	-0.5890  	0.37345  	-0.0377  	-0.1571  	-0.1693  	-0.2744  	-0.1380  	-0.0596  	-0.2259  	0.25436  	0.22385  	-0.0474  	0.26571  	0.22610  	0.18682  	-0.0335  	-0.2138  	0.27651  	-0.0563  	0.06243  	-0.0229  	-0.0032  	-0.0855  	-0.0493  	0.02302  	0.03317  	0.05724  	-0.0115  	0.01647  	0.01200  	-0.0069  	0.03139  	0.00069  	-0.0256  	0.02280  	0.00473  	-0.0335  	0.03372  	0.00529  	-0.0114  	0.02278  	-0.0167  	-0.0069  	-0.0242  	0.03589  	-0.0073  	0.02253  	-0.2797  	
-0.0320  	-0.0103  	-0.0052  	0.81225  	0.20418  	0.41699  	0.11011  	-0.6695  	0.15973  	0.01220  	-0.0299  	0.36180  	0.03234  	-0.4482  	-0.7037  	0.82762  	-0.0882  	0.24709  	-0.2876  	0.43921  	-0.1051  	-0.1739  	-0.6079  	0.29796  	-0.1321  	-0.1610  	-0.3489  	-0.1166  	-0.0671  	-0.0671  	-0.2197  	0.23700  	0.23489  	-0.0351  	0.25249  	0.20381  	0.10613  	-0.0290  	-0.1795  	0.26211  	-0.0518  	0.05798  	-0.0095  	-0.0192  	-0.0712  	-0.0505  	0.02006  	-0.0005  	0.04882  	-0.0156  	0.01564  	0.00374  	-0.0074  	0.02672  	-9.6745  	-0.0273  	0.04237  	0.00907  	-0.0313  	0.03071  	-0.0015  	0.00620  	0.03535  	-0.0053  	-0.0069  	-0.0242  	0.03589  	-0.0073  	0.02253  	-0.2797  	
0.06973  	0.02056  	0.00972  	0.86017  	0.21221  	0.50633  	0.11855  	-0.5908  	0.16378  	-0.0343  	-0.1223  	0.28868  	0.06223  	-0.3669  	-0.5510  	0.76763  	-0.1088  	0.23910  	-0.2808  	0.43175  	-0.0405  	-0.1469  	-0.5955  	0.28204  	-0.0718  	-0.1628  	-0.3154  	-0.1310  	-0.0289  	-0.0397  	-0.2507  	0.24181  	0.24231  	-0.0292  	0.26651  	0.20665  	0.08022  	-0.0388  	-0.1432  	0.27554  	-0.0663  	0.05074  	0.00303  	-0.0235  	-0.0648  	-0.0421  	0.02574  	0.01353  	0.05400  	-0.0214  	0.02548  	0.01726  	0.00253  	0.02456  	0.00405  	-0.0228  	0.02397  	0.00399  	-0.0307  	0.03076  	0.00142  	-0.0066  	0.03039  	-0.0082  	-0.0069  	-0.0242  	0.03589  	-0.0073  	0.02253  	-0.2797  	
0.20032  	0.07802  	0.09213  	0.78450  	0.19705  	0.51297  	0.14361  	-0.4951  	0.22242  	-0.0308  	-0.0105  	0.29238  	0.03579  	-0.3966  	-0.7138  	0.91467  	-0.1127  	0.24397  	-0.2905  	0.38182  	0.00348  	-0.1261  	-0.5928  	0.35058  	-0.1777  	-0.1710  	-0.3382  	-0.1737  	-0.1093  	-0.1122  	-0.2614  	0.26382  	0.26875  	-0.0564  	0.26834  	0.21517  	0.13098  	-0.0097  	-0.1519  	0.27298  	-0.0265  	0.04564  	0.01790  	-0.0286  	-0.0800  	-0.0417  	0.02466  	0.01823  	0.05487  	-0.0123  	0.01987  	0.01507  	0.00852  	0.02732  	0.00703  	-0.0214  	0.02996  	0.00029  	-0.0277  	0.03234  	0.00764  	0.00965  	0.03447  	-0.0151  	-0.0069  	-0.0242  	0.03589  	-0.0073  	0.02253  	-0.2797  	
0.08791  	0.02257  	0.07720  	0.64000  	0.15715  	0.39929  	0.15047  	-0.5616  	0.16982  	0.05091  	0.16538  	0.34908  	-0.0448  	-0.5288  	-0.9119  	0.89576  	-0.1139  	0.29282  	-0.2764  	0.46704  	-0.0320  	-0.1496  	-0.6023  	0.31735  	-0.1480  	-0.1584  	-0.3398  	-0.1159  	-0.0891  	-0.1245  	-0.2614  	0.24126  	0.24587  	-0.0582  	0.23631  	0.25367  	0.13609  	-0.0333  	-0.1782  	0.28055  	-0.0411  	0.05693  	0.00918  	-0.0034  	-0.0703  	-0.0405  	0.04234  	0.00930  	0.06331  	-0.0137  	0.02430  	0.00745  	0.00357  	0.02413  	0.00989  	-0.0342  	0.03211  	0.00499  	-0.0379  	0.03415  	-0.0077  	-0.0067  	0.02640  	-0.0088  	-0.0069  	-0.0242  	0.03589  	-0.0073  	0.02253  	-0.2797  	
-0.0143  	-0.0549  	0.08686  	0.61356  	0.11372  	0.39250  	0.14747  	-0.6618  	0.16904  	0.11845  	0.15294  	0.28612  	-0.0525  	-0.6547  	-1.0542  	0.95209  	-0.1397  	0.30094  	-0.2542  	0.47359  	-0.1214  	-0.1783  	-0.6322  	0.32525  	-0.0503  	-0.1659  	-0.3095  	-0.0994  	-0.0551  	-0.0957  	-0.2251  	0.27971  	0.20385  	-0.0659  	0.17964  	0.35119  	0.12030  	-0.0034  	-0.1686  	0.28102  	-0.0061  	0.04801  	0.01815  	-0.0052  	-0.0814  	-0.0461  	0.03187  	0.01446  	0.05427  	-0.0207  	0.02053  	0.01528  	-0.0010  	0.02341  	0.01467  	-0.0348  	0.03780  	0.00403  	-0.0284  	0.03307  	-0.0011  	-0.0127  	0.03968  	-0.0055  	-0.0069  	-0.0242  	0.03589  	-0.0073  	0.02253  	-0.2797  	
-0.0420  	-0.0617  	0.03697  	0.56859  	0.08773  	0.39226  	0.14765  	-0.6925  	0.16464  	0.08592  	0.12675  	0.26161  	-0.0456  	-0.6863  	-1.0552  	0.93266  	-0.1298  	0.30662  	-0.2580  	0.47582  	-0.1385  	-0.2210  	-0.6218  	0.28762  	-0.0645  	-0.1632  	-0.3399  	-0.0387  	-0.0359  	-0.0871  	-0.2235  	0.28303  	0.20799  	-0.0597  	0.15573  	0.34986  	0.10139  	-0.0106  	-0.1638  	0.27169  	0.01419  	0.04080  	0.01376  	-0.0068  	-0.0806  	-0.0478  	0.03044  	0.00841  	0.05251  	-0.0253  	0.01996  	0.01500  	0.00084  	0.02297  	0.01315  	-0.0353  	0.03906  	0.00648  	-0.0289  	0.03029  	-0.0005  	-0.0133  	0.04053  	-0.0041  	-0.0069  	-0.0242  	0.03589  	-0.0073  	0.02253  	-0.2797  	
-0.0304  	-0.0144  	0.03083  	0.63453  	0.12666  	0.42197  	0.14103  	-0.7131  	0.14875  	0.08694  	0.11557  	0.30836  	-0.0582  	-0.6485  	-1.0247  	0.91923  	-0.1142  	0.32906  	-0.2761  	0.50732  	-0.1691  	-0.1993  	-0.6811  	0.29305  	-0.0561  	-0.1518  	-0.3381  	0.00318  	-0.0331  	-0.0931  	-0.2172  	0.26145  	0.21488  	-0.0688  	0.16900  	0.33576  	0.07319  	-0.0366  	-0.1413  	0.26918  	0.00419  	0.04957  	0.02427  	-0.0232  	-0.0711  	-0.0465  	0.02526  	0.01298  	0.05943  	-0.0170  	0.03422  	0.01216  	0.00026  	0.01860  	0.01235  	-0.0334  	0.04305  	0.00336  	-0.0300  	0.03205  	-0.0039  	-0.0138  	0.03876  	-0.0062  	-0.0069  	-0.0242  	0.03589  	-0.0073  	0.02253  	-0.2797  	
0.08482  	0.05567  	-0.0031  	0.86534  	0.24513  	0.40229  	0.12862  	-0.6284  	0.14324  	0.02251  	-0.0037  	0.35462  	0.09983  	-0.4781  	-0.7728  	0.72745  	-0.0646  	0.16172  	-0.2301  	0.29247  	-0.1111  	-0.3462  	-0.9348  	0.28438  	-0.0630  	-0.0841  	-0.3592  	-0.0469  	0.11189  	-0.0582  	-0.1506  	0.19245  	0.15985  	-0.1654  	0.18240  	0.27350  	-0.0467  	-0.0774  	-0.1856  	0.22009  	0.02507  	0.17340  	-0.0869  	0.03772  	-0.1165  	-0.0278  	0.00164  	0.03670  	0.04699  	-0.0278  	0.03601  	0.01783  	0.00266  	0.03476  	0.01049  	-0.0271  	0.03198  	-0.0070  	-0.0219  	0.03189  	-0.0006  	-0.0132  	0.01651  	-0.0052  	-0.0069  	-0.0242  	0.03589  	-0.0073  	0.02253  	-0.2797  	
0.04379  	0.05826  	-0.0194  	0.98961  	0.32079  	0.38261  	0.08638  	-0.5473  	0.15001  	-0.0328  	0.00013  	0.37143  	0.17738  	-0.3900  	-0.5971  	0.68226  	0.00459  	0.01826  	-0.1982  	0.11914  	-0.0338  	-0.5056  	-1.0953  	0.27961  	-0.1069  	-0.0230  	-0.3883  	-0.1110  	0.19384  	-0.0552  	-0.0886  	0.14591  	0.11020  	-0.2807  	0.15262  	0.21680  	-0.1233  	-0.0763  	-0.2871  	0.15267  	0.03958  	0.25704  	-0.1867  	0.08236  	-0.1528  	-0.0171  	-0.0062  	0.02857  	0.03630  	-0.0397  	0.03271  	0.01991  	0.00022  	0.04779  	0.01683  	-0.0290  	0.02510  	-0.0113  	-0.0189  	0.04306  	0.00861  	-0.0090  	0.00268  	-0.0045  	-0.0069  	-0.0242  	0.03589  	-0.0073  	0.02253  	-0.2797  	
-0.0321  	0.03600  	-0.0951  	0.94263  	0.34591  	0.27952  	0.10906  	-0.5268  	0.14309  	-0.0276  	0.08582  	0.45290  	0.19185  	-0.3418  	-0.6562  	0.67156  	0.00617  	-0.0009  	-0.2229  	0.09750  	-0.0420  	-0.5551  	-1.1695  	0.30615  	-0.1769  	0.01227  	-0.4123  	-0.1141  	0.19837  	-0.0707  	-0.0469  	0.13493  	0.10621  	-0.2952  	0.14704  	0.20756  	-0.1362  	-0.0802  	-0.3049  	0.13914  	0.05101  	0.26664  	-0.2006  	0.08178  	-0.1567  	-0.0055  	-0.0047  	0.03496  	0.02825  	-0.0315  	0.03024  	0.01790  	-0.0002  	0.05017  	0.01500  	-0.0324  	0.02445  	-0.0150  	-0.0228  	0.04766  	0.01530  	-0.0156  	-0.0138  	-0.0105  	-0.0069  	-0.0242  	0.03589  	-0.0073  	0.02253  	-0.2797  	
-0.1687  	-0.0221  	-0.1730  	0.86834  	0.35767  	0.19299  	0.08013  	-0.5355  	0.14447  	-0.0219  	0.11018  	0.52248  	0.17236  	-0.4244  	-0.6881  	0.70036  	-0.0250  	0.09289  	-0.1987  	0.18364  	-0.1020  	-0.5923  	-1.1295  	0.26379  	-0.2088  	0.00109  	-0.4672  	-0.0213  	0.18124  	-0.0959  	-0.0476  	0.13259  	0.16487  	-0.2523  	0.14390  	0.21221  	-0.1512  	-0.0889  	-0.2880  	0.14807  	0.02810  	0.26019  	-0.2101  	0.07412  	-0.1518  	-0.0133  	-0.0035  	0.02095  	0.02883  	-0.0313  	0.03684  	0.01803  	-0.0030  	0.03903  	0.01014  	-0.0251  	0.03370  	-0.0126  	-0.0215  	0.04044  	0.01302  	-0.0073  	0.00396  	-0.0067  	-0.0069  	-0.0242  	0.03589  	-0.0073  	0.02253  	-0.2797  	
-0.1735  	-0.0169  	-0.1502  	0.87674  	0.31229  	0.28483  	0.09289  	-0.5418  	0.16648  	-0.0196  	0.00982  	0.52379  	0.13688  	-0.4094  	-0.6613  	0.77423  	-0.0544  	0.19168  	-0.2299  	0.32926  	-0.1286  	-0.4170  	-0.9130  	0.23071  	-0.1687  	-0.0598  	-0.4466  	0.03330  	0.13581  	-0.0746  	-0.1381  	0.16438  	0.20782  	-0.1436  	0.15358  	0.21648  	-0.0927  	-0.0667  	-0.2224  	0.20775  	-0.0227  	0.16228  	-0.1092  	0.03347  	-0.1222  	-0.0318  	0.02322  	0.02167  	0.04887  	-0.0313  	0.02738  	0.01373  	-0.0063  	0.03970  	0.00604  	-0.0244  	0.03646  	-0.0080  	-0.0254  	0.03063  	0.00674  	-0.0079  	0.01015  	-0.0111  	-0.0069  	-0.0242  	0.03589  	-0.0073  	0.02253  	-0.2797  	
-0.0691  	0.04266  	-0.0399  	0.77479  	0.15580  	0.50993  	0.09942  	-0.5757  	0.18547  	-0.0600  	-0.0951  	0.39230  	0.05894  	-0.4359  	-0.6644  	0.82195  	-0.0822  	0.29018  	-0.2820  	0.50972  	-0.0924  	-0.1776  	-0.5735  	0.27261  	-0.1519  	-0.1235  	-0.4180  	0.00130  	0.01109  	-0.0730  	-0.2358  	0.20671  	0.27440  	-0.0318  	0.14772  	0.20865  	0.03255  	-0.0372  	-0.1264  	0.26011  	-0.0375  	0.05011  	0.01931  	-0.0196  	-0.0721  	-0.0480  	0.02830  	0.01422  	0.04627  	-0.0161  	0.00238  	0.01394  	0.00272  	0.02793  	0.00777  	-0.0282  	0.03742  	0.00560  	-0.0286  	0.02702  	0.00120  	0.00089  	0.02420  	-0.0049  	-0.0069  	-0.0242  	0.03589  	-0.0073  	0.02253  	-0.2797  	
0.02840  	0.04126  	0.06427  	0.73588  	0.15200  	0.54147  	0.10465  	-0.5867  	0.18051  	-0.0465  	-0.0525  	0.32903  	0.03649  	-0.4246  	-0.6134  	0.78258  	-0.0757  	0.22418  	-0.3031  	0.42530  	-0.0008  	-0.1821  	-0.5075  	0.32131  	-0.1870  	-0.1442  	-0.3640  	-0.1427  	-0.1027  	-0.1055  	-0.2180  	0.22724  	0.26834  	-0.0439  	0.21185  	0.17329  	0.12537  	-0.0113  	-0.1705  	0.24254  	-0.0162  	0.04628  	0.01556  	-0.0138  	-0.0774  	-0.0449  	0.03156  	0.01111  	0.04553  	-0.0137  	0.00267  	0.01038  	-0.0010  	0.02618  	0.00507  	-0.0255  	0.03385  	0.00582  	-0.0297  	0.02418  	0.00664  	0.00780  	0.03131  	-0.0048  	-0.0069  	-0.0242  	0.03589  	-0.0073  	0.02253  	-0.2797  	
0.09835  	0.03044  	0.13679  	0.72569  	0.13873  	0.47481  	0.13021  	-0.5849  	0.22020  	0.00909  	-0.0308  	0.30110  	0.04283  	-0.4544  	-0.7289  	0.84944  	-0.0872  	0.27903  	-0.2635  	0.42991  	-0.0417  	-0.2163  	-0.5439  	0.28666  	-0.1575  	-0.1384  	-0.3996  	-0.1411  	-0.0647  	-0.0928  	-0.2148  	0.24004  	0.26892  	-0.0416  	0.19751  	0.19394  	0.12132  	-0.0096  	-0.1594  	0.26795  	0.00274  	0.03434  	0.03144  	-0.0096  	-0.0796  	-0.0449  	0.03091  	0.02006  	0.05807  	-0.0164  	0.01295  	0.01227  	-0.0031  	0.02360  	0.00623  	-0.0292  	0.03131  	0.00135  	-0.0329  	0.02974  	-0.0018  	-0.0009  	0.02928  	-0.0068  	-0.0069  	-0.0242  	0.03589  	-0.0073  	0.02253  	-0.2797  	
0.04769  	0.02617  	0.04621  	0.85648  	0.20435  	0.47450  	0.10771  	-0.6460  	0.17334  	0.00182  	-0.0528  	0.31926  	0.04256  	-0.4306  	-0.7117  	0.82906  	-0.0984  	0.26208  	-0.2702  	0.43630  	-0.0831  	-0.1842  	-0.6142  	0.27325  	-0.1050  	-0.1509  	-0.3526  	-0.0622  	-0.0204  	-0.0471  	-0.2326  	0.24037  	0.25312  	-0.0384  	0.21006  	0.22348  	0.08849  	-0.0308  	-0.1398  	0.27108  	-0.0373  	0.04260  	0.01033  	-0.0230  	-0.0699  	-0.0426  	0.02007  	0.02043  	0.05169  	-0.0158  	0.01821  	0.01463  	-0.0045  	0.02762  	0.00490  	-0.0289  	0.03347  	0.00541  	-0.0248  	0.02694  	-0.0047  	-0.0055  	0.03213  	-0.0083  	-0.0069  	-0.0242  	0.03589  	-0.0073  	0.02253  	-0.2797  	
0.05830  	0.03918  	0.00469  	0.90197  	0.24316  	0.45609  	0.13204  	-0.6055  	0.17733  	0.00716  	-0.0374  	0.36436  	0.05390  	-0.3628  	-0.6503  	0.78576  	-0.1081  	0.26718  	-0.2814  	0.44043  	-0.0742  	-0.1277  	-0.6324  	0.26659  	-0.0650  	-0.1579  	-0.3389  	-0.0594  	0.01143  	-0.0517  	-0.2591  	0.22130  	0.24540  	-0.0439  	0.21356  	0.23291  	0.05569  	-0.0385  	-0.1264  	0.26258  	-0.0559  	0.05286  	0.00325  	-0.0265  	-0.0689  	-0.0484  	0.03075  	0.01669  	0.06252  	-0.0304  	0.02012  	0.01510  	-0.0036  	0.02270  	0.00545  	-0.0303  	0.03333  	0.00653  	-0.0258  	0.03015  	-0.0036  	-0.0096  	0.03924  	-0.0058  	-0.0069  	-0.0242  	0.03589  	-0.0073  	0.02253  	-0.2797  	
0.07356  	0.04555  	-0.0248  	1.07257  	0.31541  	0.55349  	0.11926  	-0.5838  	0.18894  	-0.0289  	-0.1249  	0.40906  	0.11926  	-0.2880  	-0.5239  	0.78252  	-0.0925  	0.26332  	-0.2920  	0.44347  	-0.1213  	-0.1460  	-0.6217  	0.27084  	-0.0788  	-0.1500  	-0.3860  	-0.0339  	0.02706  	-0.0330  	-0.2332  	0.22538  	0.25772  	-0.0375  	0.23169  	0.21381  	0.01232  	-0.0557  	-0.1031  	0.25529  	-0.0579  	0.04509  	0.01590  	-0.0340  	-0.0737  	-0.0412  	0.02996  	0.00680  	0.05808  	-0.0185  	0.01507  	0.01385  	-0.0004  	0.01885  	0.00675  	-0.0274  	0.02558  	0.00224  	-0.0249  	0.03770  	0.00210  	-0.0060  	0.03034  	-0.0043  	-0.0069  	-0.0242  	0.03589  	-0.0073  	0.02253  	-0.2797  	
0.03579  	0.00635  	0.00013  	0.89393  	0.29102  	0.42722  	0.12088  	-0.6029  	0.18358  	0.01107  	-0.0324  	0.46408  	0.11206  	-0.3224  	-0.7011  	0.83700  	-0.1277  	0.26010  	-0.3173  	0.47138  	-0.0787  	-0.1572  	-0.6269  	0.26574  	-0.1442  	-0.1465  	-0.3996  	-0.0459  	-0.0524  	-0.0663  	-0.2171  	0.22118  	0.27009  	-0.0335  	0.21090  	0.19470  	0.08008  	-0.0304  	-0.1455  	0.25789  	-0.0455  	0.04925  	0.02039  	-0.0279  	-0.0755  	-0.0431  	0.02911  	0.02136  	0.05283  	-0.0183  	0.01014  	0.00238  	-0.0040  	0.02007  	0.00258  	-0.0294  	0.03532  	0.00113  	-0.0282  	0.03196  	-0.0008  	-0.0022  	0.02715  	-0.0063  	-0.0069  	-0.0242  	0.03589  	-0.0073  	0.02253  	-0.2797  	
-0.1704  	-0.0537  	-0.0783  	0.44203  	0.09555  	0.21409  	0.14667  	-0.6959  	0.16184  	0.09321  	0.19697  	0.36395  	-0.0098  	-0.5958  	-0.9589  	0.79632  	-0.1231  	0.34400  	-0.2924  	0.49944  	-0.0760  	-0.2392  	-0.5959  	0.27651  	-0.2093  	-0.1323  	-0.4732  	-0.0280  	-0.0924  	-0.1444  	-0.1882  	0.21613  	0.26111  	-0.0455  	0.16924  	0.25854  	0.07994  	-0.0290  	-0.1701  	0.25569  	0.01744  	0.03343  	0.00121  	-0.0293  	-0.0814  	-0.0442  	0.03976  	0.00798  	0.04795  	-0.0162  	0.01188  	0.00950  	0.00170  	0.02404  	0.00221  	-0.0371  	0.03774  	0.00364  	-0.0283  	0.02798  	0.00080  	0.00043  	0.02836  	-0.0035  	-0.0069  	-0.0242  	0.03589  	-0.0073  	0.02253  	-0.2797  	
-0.2994  	-0.0854  	-0.0525  	0.28401  	-0.0471  	0.28344  	0.11460  	-0.7131  	0.13543  	0.04039  	0.22556  	0.25861  	-0.0585  	-0.7558  	-1.0700  	0.78079  	-0.0804  	0.36217  	-0.2642  	0.48725  	-0.1129  	-0.2451  	-0.5041  	0.23581  	-0.1847  	-0.1215  	-0.4683  	-0.0435  	-0.0427  	-0.1426  	-0.1938  	0.21574  	0.23966  	-0.0528  	0.10557  	0.26692  	0.08011  	-0.0054  	-0.1668  	0.25326  	0.05199  	0.01595  	0.01398  	-0.0218  	-0.0741  	-0.0450  	0.04242  	-0.0066  	0.03579  	-0.0163  	0.01375  	0.01434  	0.00132  	0.02174  	0.00016  	-0.0372  	0.03366  	0.00268  	-0.0303  	0.03401  	0.00501  	-0.0132  	0.03286  	-0.0008  	-0.0069  	-0.0242  	0.03589  	-0.0073  	0.02253  	-0.2797  	
-0.2915  	-0.0849  	-0.0506  	0.41142  	-0.0523  	0.29893  	0.10308  	-0.7107  	0.14936  	0.01752  	0.17566  	0.27281  	-0.0658  	-0.6982  	-0.9841  	0.75580  	-0.0651  	0.30366  	-0.2839  	0.44271  	-0.1060  	-0.2056  	-0.4847  	0.22815  	-0.2131  	-0.1057  	-0.4490  	-0.0834  	-0.0540  	-0.1385  	-0.1792  	0.23181  	0.23506  	-0.0503  	0.10231  	0.25761  	0.09830  	-0.0022  	-0.1699  	0.24285  	0.05291  	0.02555  	0.02456  	-0.0142  	-0.0701  	-0.0460  	0.04137  	-0.0104  	0.03385  	-0.0129  	0.00326  	0.01819  	-0.0018  	0.02644  	0.00632  	-0.0391  	0.02902  	0.00549  	-0.0302  	0.02660  	0.00388  	-0.0044  	0.03634  	-0.0021  	-0.0069  	-0.0242  	0.03589  	-0.0073  	0.02253  	-0.2797  	
-0.0125  	0.06835  	0.10512  	0.57307  	0.02020  	0.41837  	0.12137  	-0.5603  	0.20510  	-0.0066  	0.20947  	0.33886  	0.01224  	-0.4665  	-0.8557  	0.83475  	-0.0999  	0.26761  	-0.2957  	0.43649  	0.05019  	-0.2065  	-0.5349  	0.22893  	-0.2276  	-0.1380  	-0.4373  	-0.1690  	-0.1177  	-0.1500  	-0.1851  	0.22355  	0.28399  	-0.0508  	0.20699  	0.19030  	0.15468  	0.01599  	-0.1889  	0.22073  	0.02934  	0.01001  	0.01942  	-0.0235  	-0.0793  	-0.0472  	0.04347  	0.00487  	0.04192  	-0.0058  	0.01368  	0.01265  	0.00102  	0.01990  	0.00337  	-0.0287  	0.02790  	0.00797  	-0.0345  	0.02581  	0.00375  	0.00593  	0.03811  	-0.0060  	-0.0069  	-0.0242  	0.03589  	-0.0073  	0.02253  	-0.2797  	
0.12835  	0.08458  	0.18678  	0.58529  	-0.0200  	0.49909  	0.11980  	-0.4983  	0.23969  	-0.0219  	0.27995  	0.35397  	-0.0058  	-0.4191  	-0.8101  	0.89554  	-0.0857  	0.21065  	-0.2694  	0.36794  	0.15688  	-0.2024  	-0.4818  	0.30867  	-0.2586  	-0.1427  	-0.3397  	-0.3104  	-0.2613  	-0.1536  	-0.1973  	0.26724  	0.28156  	-0.0595  	0.26065  	0.14866  	0.26573  	0.05270  	-0.2415  	0.17950  	-0.0048  	0.02069  	0.03275  	-0.0224  	-0.0788  	-0.0457  	0.03897  	0.00665  	0.05053  	-0.0105  	-0.0021  	0.01361  	0.00046  	0.03062  	0.00414  	-0.0268  	0.02329  	0.00384  	-0.0368  	0.03225  	0.00418  	0.00164  	0.03201  	-0.0065  	-0.0069  	-0.0242  	0.03589  	-0.0073  	0.02253  	-0.2797  	
0.14756  	0.08160  	0.21361  	0.57533  	-0.0409  	0.53730  	0.11952  	-0.4786  	0.24351  	-0.0395  	0.26324  	0.31987  	0.03108  	-0.3728  	-0.7999  	0.92000  	-0.0743  	0.19439  	-0.2621  	0.34470  	0.20768  	-0.1986  	-0.4749  	0.35571  	-0.2216  	-0.1570  	-0.2947  	-0.3594  	-0.3004  	-0.1533  	-0.2026  	0.27202  	0.27531  	-0.0611  	0.28597  	0.14090  	0.29442  	0.05463  	-0.2374  	0.17127  	-0.0316  	0.03570  	0.01958  	-0.0311  	-0.0770  	-0.0447  	0.03507  	0.01271  	0.05273  	-0.0065  	0.00363  	0.01637  	0.00447  	0.03217  	0.00308  	-0.0204  	0.02018  	0.00592  	-0.0367  	0.03682  	0.00851  	0.00039  	0.03513  	-0.0045  	-0.0069  	-0.0242  	0.03589  	-0.0073  	0.02253  	-0.2797  	
0.13686  	0.09825  	0.19469  	0.56703  	-0.0465  	0.51446  	0.11590  	-0.4719  	0.25343  	-0.0573  	0.28712  	0.34020  	0.01600  	-0.3820  	-0.8006  	0.92146  	-0.0746  	0.19411  	-0.2630  	0.33449  	0.21279  	-0.2021  	-0.4665  	0.35551  	-0.2474  	-0.1549  	-0.2920  	-0.3616  	-0.3229  	-0.1588  	-0.2023  	0.27492  	0.28295  	-0.0619  	0.29522  	0.13080  	0.30556  	0.06194  	-0.2437  	0.16820  	-0.0292  	0.03175  	0.01911  	-0.0301  	-0.0797  	-0.0436  	0.03462  	0.00737  	0.04933  	-0.0059  	0.00201  	0.01619  	0.00439  	0.03315  	0.00177  	-0.0209  	0.01757  	0.00578  	-0.0350  	0.03702  	0.00885  	0.00191  	0.03319  	-0.0053  	-0.0069  	-0.0242  	0.03589  	-0.0073  	0.02253  	-0.2797  	
0.14151  	0.09958  	0.17988  	0.56579  	-0.0324  	0.49310  	0.11080  	-0.4797  	0.25503  	-0.0579  	0.29313  	0.36327  	0.00629  	-0.3944  	-0.8001  	0.91807  	-0.0690  	0.19186  	-0.2706  	0.33118  	0.19543  	-0.2049  	-0.4526  	0.35272  	-0.2628  	-0.1505  	-0.2935  	-0.3498  	-0.3300  	-0.1545  	-0.1983  	0.27488  	0.28421  	-0.0638  	0.29856  	0.12132  	0.30577  	0.06398  	-0.2490  	0.16536  	-0.0322  	0.03046  	0.01881  	-0.0293  	-0.0829  	-0.0425  	0.03483  	0.00603  	0.04870  	-0.0088  	-0.0005  	0.01825  	0.00214  	0.03261  	0.00263  	-0.0218  	0.01834  	0.00516  	-0.0348  	0.03469  	0.00827  	0.00355  	0.03195  	-0.0052  	-0.0069  	-0.0242  	0.03589  	-0.0073  	0.02253  	-0.2797  	
0.13935  	0.09764  	0.17731  	0.56520  	-0.0311  	0.49092  	0.11092  	-0.4822  	0.25336  	-0.0568  	0.29307  	0.36152  	0.00432  	-0.3985  	-0.7991  	0.91556  	-0.0661  	0.19286  	-0.2720  	0.33356  	0.19161  	-0.2085  	-0.4517  	0.35292  	-0.2621  	-0.1501  	-0.2934  	-0.3459  	-0.3283  	-0.1543  	-0.1990  	0.27425  	0.28294  	-0.0644  	0.29921  	0.12112  	0.30340  	0.06376  	-0.2491  	0.16476  	-0.0340  	0.03044  	0.01813  	-0.0294  	-0.0833  	-0.0424  	0.03464  	0.00578  	0.04841  	-0.0089  	0.00012  	0.01869  	0.00178  	0.03212  	0.00273  	-0.0219  	0.01894  	0.00496  	-0.0349  	0.03397  	0.00816  	0.00339  	0.03167  	-0.0052  	-0.0069  	-0.0242  	0.03589  	-0.0073  	0.02253  	-0.2797  	
